-69.54, -183.81, 18.82, 0
-69.55, -183.83, 18.82, 0
-69.56, -183.85, 18.82, 0
-69.57, -183.87, 18.81, 0
-69.59, -183.90, 18.81, 0
-69.60, -183.92, 18.81, 0
-69.62, -183.94, 18.81, 0
-69.63, -183.96, 18.80, 0
-69.64, -183.98, 18.80, 0
-69.65, -184.00, 18.80, 0
-69.67, -184.03, 18.80, 0
-69.68, -184.05, 18.79, 0
-69.70, -184.07, 18.79, 0
-69.71, -184.09, 18.79, 0
-69.72, -184.11, 18.79, 0
-69.73, -184.13, 18.78, 0
-69.75, -184.16, 18.78, 0
-69.76, -184.18, 18.78, 0
-69.77, -184.20, 18.78, 0
-69.79, -184.22, 18.77, 0
-69.80, -184.24, 18.77, 0
-69.81, -184.27, 18.77, 0
-69.83, -184.29, 18.77, 0
-69.84, -184.31, 18.77, 0
-69.85, -184.33, 18.76, 0
-69.87, -184.35, 18.76, 0
-69.88, -184.38, 18.76, 0
-69.89, -184.40, 18.75, 0
-69.91, -184.42, 18.75, 0
-69.92, -184.44, 18.75, 0
-69.93, -184.46, 18.75, 0
-69.95, -184.48, 18.74, 0
-69.96, -184.50, 18.74, 0
-69.97, -184.53, 18.74, 0
-69.98, -184.55, 18.74, 0
-70.00, -184.57, 18.73, 0
-70.01, -184.59, 18.73, 0
-70.03, -184.61, 18.73, 0
-70.04, -184.63, 18.73, 0
-70.05, -184.65, 18.72, 0
-70.06, -184.68, 18.72, 0
-70.08, -184.70, 18.72, 0
-70.09, -184.72, 18.72, 0
-70.10, -184.74, 18.72, 0
-70.12, -184.76, 18.71, 0
-70.13, -184.78, 18.71, 0
-70.14, -184.81, 18.71, 0
-70.16, -184.83, 18.71, 0
-70.17, -184.85, 18.70, 0
-70.18, -184.87, 18.70, 0
-70.19, -184.89, 18.70, 0
-70.20, -184.92, 18.70, 0
-70.22, -184.94, 18.69, 0
-70.23, -184.96, 18.69, 0
-70.24, -184.98, 18.69, 0
-70.25, -185.01, 18.69, 0
-70.27, -185.03, 18.68, 0
-70.28, -185.05, 18.68, 0
-70.29, -185.08, 18.68, 0
-70.30, -185.10, 18.68, 0
-70.32, -185.12, 18.68, 0
-70.33, -185.14, 18.67, 0
-70.34, -185.16, 18.67, 0
-70.35, -185.19, 18.67, 0
-70.36, -185.21, 18.67, 0
-70.37, -185.23, 18.67, 0
-70.39, -185.26, 18.66, 0
-70.40, -185.28, 18.66, 0
-70.41, -185.30, 18.66, 0
-70.42, -185.32, 18.66, 0
-70.44, -185.34, 18.66, 0
-70.45, -185.37, 18.65, 0
-70.46, -185.39, 18.65, 0
-70.47, -185.41, 18.65, 0
-70.49, -185.44, 18.65, 0
-70.50, -185.46, 18.64, 0
-70.51, -185.48, 18.64, 0
-70.52, -185.50, 18.64, 0
-70.54, -185.52, 18.64, 0
-70.55, -185.54, 18.63, 0
-70.56, -185.57, 18.63, 0
-70.57, -185.59, 18.63, 0
-70.59, -185.61, 18.63, 0
-70.60, -185.63, 18.63, 0
-70.61, -185.65, 18.62, 0
-70.63, -185.67, 18.62, 0
-70.64, -185.70, 18.62, 0
-70.66, -185.72, 18.61, 0
-70.67, -185.74, 18.61, 0
-70.68, -185.76, 18.61, 0
-70.69, -185.78, 18.61, 0
-70.71, -185.80, 18.60, 0
-70.72, -185.82, 18.60, 0
-70.74, -185.85, 18.60, 0
-70.75, -185.87, 18.60, 0
-70.76, -185.89, 18.59, 0
-70.77, -185.91, 18.59, 0
-70.79, -185.93, 18.59, 0
-70.80, -185.96, 18.59, 0
-70.81, -185.98, 18.59, 0
-70.82, -186.00, 18.58, 0
-70.84, -186.02, 18.58, 0
-70.85, -186.04, 18.58, 0
-70.86, -186.07, 18.57, 0
-70.88, -186.09, 18.57, 0
-70.89, -186.11, 18.57, 0
-70.90, -186.13, 18.57, 0
-70.92, -186.15, 18.56, 0
-70.93, -186.18, 18.56, 0
-70.94, -186.20, 18.56, 0
-70.95, -186.22, 18.56, 0
-70.97, -186.24, 18.55, 0
-70.98, -186.26, 18.55, 0
-70.99, -186.28, 18.55, 0
-71.01, -186.30, 18.54, 0
-71.02, -186.33, 18.54, 0
-71.04, -186.35, 18.54, 0
-71.05, -186.37, 18.54, 0
-71.06, -186.39, 18.54, 0
-71.07, -186.41, 18.53, 0
-71.09, -186.44, 18.53, 0
-71.10, -186.46, 18.53, 0
-71.11, -186.48, 18.53, 0
-71.12, -186.50, 18.52, 0
-71.14, -186.52, 18.52, 0
-71.15, -186.54, 18.52, 0
-71.16, -186.56, 18.52, 0
-71.16, -186.59, 18.51, 0
-70.91, -186.70, 18.50, 0
-70.73, -186.83, 18.48, 0
-70.65, -186.92, 18.48, 0
-70.47, -187.03, 18.49, 0
-71.12, -186.61, 18.46, 0
-72.99, -185.75, 18.78, 0
-74.06, -184.49, 19.34, 0
-75.24, -183.32, 20.52, 0
-76.90, -181.88, 22.55, 0
-78.71, -180.57, 24.82, 0
-80.44, -179.43, 25.84, 0
-83.69, -178.19, 26.62, 0
-86.95, -176.83, 27.98, 0
-90.20, -174.62, 30.36, 0
-93.45, -172.58, 32.76, 0
-96.70, -170.57, 35.08, 0
-99.95, -168.98, 36.11, 0
-103.21, -168.34, 36.29, 0
-106.46, -169.51, 34.46, 0
-109.71, -172.00, 31.90, 0
-112.96, -174.99, 29.39, 0
-116.21, -178.16, 27.38, 0
-119.46, -181.16, 26.13, 0
-122.24, -183.64, 25.14, 0
-124.70, -185.66, 24.27, 0
-126.99, -187.64, 23.42, 0
-128.81, -189.79, 22.22, 0
-130.06, -191.82, 20.90, 0
-130.50, -193.28, 19.44, 0
-130.15, -193.97, 17.66, 0
-129.05, -193.65, 16.05, 0
-127.64, -192.51, 15.07, 0
-125.55, -190.79, 14.38, 0
-122.71, -188.27, 13.86, 0
-120.05, -185.29, 13.75, 0
-117.94, -182.26, 14.20, 0
-114.69, -179.35, 14.19, 0
-111.44, -177.94, 13.62, 0
-108.19, -178.59, 12.53, 0
-104.94, -180.17, 11.39, 0
-101.69, -181.84, 9.83, 0
-98.43, -183.28, 7.86, 0
-95.18, -181.71, 7.95, 0
-94.68, -178.93, 8.58, 0
-93.33, -177.20, 8.23, 0
-92.09, -176.64, 7.34, 0
-91.68, -176.61, 6.32, 0
-91.72, -177.19, 5.00, 0
-91.28, -178.44, 3.35, 0
-90.51, -179.90, 1.55, 0
-89.65, -181.11, 0.07, 0
-88.56, -181.99, -0.69, 0
-86.77, -182.76, -0.93, 0
-85.32, -183.01, -1.69, 0
-85.70, -182.44, -3.47, 0
-86.90, -181.26, -6.65, 0
-87.30, -180.32, -9.90, 0
-84.05, -183.57, -13.15, 0
-83.20, -186.82, -16.11, 0
-81.55, -190.08, -19.37, 0
-83.17, -190.49, -22.62, 0
-86.43, -188.28, -25.33, 0
-89.68, -185.03, -28.25, 0
-91.34, -182.22, -31.50, 0
-90.75, -180.55, -34.76, 0
-88.67, -179.35, -38.01, 0
-87.11, -177.61, -41.26, 0
-86.51, -174.68, -44.51, 0
-86.68, -172.19, -47.76, 0
-83.59, -171.78, -51.01, 0
-83.05, -169.54, -54.27, 0
-83.55, -166.80, -56.38, 0
-86.80, -164.89, -57.91, 0
-89.13, -164.11, -59.58, 0
-87.17, -165.01, -60.50, 0
-83.92, -166.58, -61.49, 0
-81.61, -167.06, -62.23, 0
-81.09, -166.28, -62.54, 0
-80.86, -164.78, -62.89, 0
-80.93, -162.26, -63.12, 0
-82.91, -159.01, -62.78, 0
-86.09, -155.76, -62.17, 0
-89.34, -152.51, -61.64, 0
-92.59, -149.26, -61.16, 0
-95.85, -146.01, -60.92, 0
-99.10, -144.03, -61.19, 0
-102.35, -143.88, -62.30, 0
-104.83, -145.83, -64.63, 0
-107.77, -148.88, -67.85, 0
-111.02, -152.14, -70.97, 0
-114.10, -155.39, -73.80, 0
-115.43, -158.64, -75.27, 0
-115.74, -161.89, -74.91, 0
-116.32, -165.14, -73.20, 0
-116.37, -168.39, -70.07, 0
-114.55, -171.65, -66.81, 0
-111.30, -174.90, -63.56, 0
-108.05, -178.15, -60.31, 0
-104.80, -181.40, -57.06, 0
-101.54, -183.02, -53.81, 0
-98.29, -182.16, -50.56, 0
-95.04, -179.08, -47.30, 0
-91.79, -175.83, -46.19, 0
-89.87, -172.58, -47.91, 0
-91.72, -169.32, -46.30, 0
-94.97, -166.07, -46.59, 0
-92.81, -162.82, -49.84, 0
-96.06, -159.57, -53.09, 0
-99.31, -161.36, -56.34, 0
-97.93, -164.61, -59.59, 0
-95.71, -167.86, -62.84, 0
-92.46, -171.12, -63.30, 0
-89.21, -174.37, -63.38, 0
-85.96, -177.62, -61.53, 0
-85.21, -180.49, -59.29, 0
-86.18, -181.82, -57.48, 0
-86.84, -182.75, -55.56, 0
-85.29, -183.35, -53.28, 0
-82.14, -183.13, -50.66, 0
-79.26, -181.61, -47.87, 0
-76.01, -178.36, -45.04, 0
-72.76, -175.11, -42.35, 0
-72.84, -172.99, -41.24, 0
-76.10, -175.69, -42.97, 0
-79.35, -178.94, -46.22, 0
-82.60, -182.20, -49.48, 0
-85.85, -184.88, -52.26, 0
-88.44, -185.16, -53.61, 0
-89.60, -184.60, -54.44, 0
-89.69, -184.69, -55.32, 0
-88.33, -184.53, -55.18, 0
-85.08, -183.90, -55.40, 0
-82.14, -183.10, -55.79, 0
-81.61, -184.20, -57.45, 0
-82.27, -186.51, -59.65, 0
-83.28, -188.32, -62.01, 0
-83.35, -189.66, -64.37, 0
-83.05, -190.65, -66.27, 0
-82.65, -191.50, -67.94, 0
-82.22, -192.34, -69.54, 0
-81.70, -193.00, -71.11, 0
-81.09, -193.29, -72.67, 0
-80.28, -193.33, -74.11, 0
-79.26, -193.26, -75.46, 0
-77.97, -193.12, -76.61, 0
-76.42, -192.92, -77.51, 0
-74.61, -192.61, -78.18, 0
-72.59, -192.09, -78.60, 0
-70.30, -191.47, -78.74, 0
-67.05, -194.72, -76.12, 0
-63.80, -197.97, -73.82, 0
-60.54, -201.22, -71.94, 0
-57.29, -204.48, -69.76, 0
-57.66, -207.73, -67.06, 0
-59.93, -210.80, -64.12, 0
-63.18, -213.63, -60.87, 0
-66.23, -216.88, -58.86, 0
-65.01, -220.13, -57.82, 0
-62.91, -223.38, -57.10, 0
-59.66, -226.63, -56.35, 0
-56.40, -229.88, -55.78, 0
-53.15, -233.14, -55.46, 0
-49.90, -236.00, -55.36, 0
-46.93, -237.92, -55.37, 0
-47.70, -238.62, -55.51, 0
-50.09, -238.37, -55.94, 0
-49.55, -238.20, -57.15, 0
-52.52, -238.09, -58.52, 0
-55.77, -238.10, -60.49, 0
-58.55, -238.01, -63.37, 0
-61.81, -236.96, -66.37, 0
-65.06, -235.44, -66.09, 0
-67.16, -235.50, -66.06, 0
-66.40, -237.23, -68.28, 0
-63.92, -239.70, -70.48, 0
-60.67, -242.51, -72.63, 0
-57.42, -245.54, -74.32, 0
-56.49, -248.40, -75.91, 0
-55.40, -250.86, -77.27, 0
-52.78, -254.12, -79.08, 0
-51.75, -257.37, -80.91, 0
-52.57, -260.62, -83.32, 0
-55.82, -262.82, -86.23, 0
-59.08, -260.79, -85.08, 0
-62.33, -259.56, -84.79, 0
-62.14, -260.24, -86.75, 0
-60.73, -261.38, -89.39, 0
-59.46, -262.32, -92.37, 0
-57.99, -262.92, -95.62, 0
-56.20, -264.14, -98.87, 0
-53.63, -265.48, -102.12, 0
-51.53, -266.82, -105.38, 0
-48.27, -268.90, -108.63, 0
-45.58, -270.69, -111.88, 0
-44.74, -271.44, -115.13, 0
-44.89, -271.40, -117.59, 0
-45.40, -270.75, -120.11, 0
-47.17, -269.49, -123.27, 0
-49.10, -267.71, -125.96, 0
-50.53, -265.67, -128.43, 0
-51.24, -263.95, -131.32, 0
-47.99, -264.62, -134.57, 0
-45.20, -266.43, -137.82, 0
-46.36, -266.01, -140.79, 0
-49.62, -263.98, -142.45, 0
-52.87, -260.73, -143.44, 0
-56.12, -257.61, -144.04, 0
-56.04, -258.19, -145.80, 0
-52.79, -261.44, -147.63, 0
-49.54, -264.69, -148.90, 0
-46.29, -267.94, -150.20, 0
-43.04, -269.08, -149.77, 0
-40.78, -270.05, -149.35, 0
-37.53, -270.72, -149.70, 0
-34.28, -271.88, -149.12, 0
-31.26, -273.31, -148.97, 0
-28.01, -274.96, -149.55, 0
-24.76, -276.46, -150.38, 0
-22.34, -277.29, -151.16, 0
-21.81, -278.14, -151.68, 0
-23.44, -276.84, -150.90, 0
-24.50, -275.93, -150.13, 0
-23.79, -276.46, -150.36, 0
-21.45, -277.55, -151.79, 0
-18.20, -279.52, -154.22, 0
-14.95, -281.30, -156.18, 0
-13.66, -281.95, -157.69, 0
-14.43, -281.79, -158.78, 0
-15.45, -281.85, -159.30, 0
-15.26, -282.66, -159.41, 0
-13.87, -284.00, -159.34, 0
-12.40, -285.05, -159.23, 0
-12.01, -285.55, -158.86, 0
-12.59, -286.01, -158.30, 0
-13.21, -287.21, -158.17, 0
-13.40, -289.49, -158.78, 0
-13.35, -292.59, -159.65, 0
-13.20, -295.64, -160.26, 0
-13.51, -297.84, -160.49, 0
-14.72, -299.20, -160.28, 0
-16.06, -300.22, -159.82, 0
-16.78, -301.59, -159.46, 0
-16.49, -303.57, -159.40, 0
-15.40, -305.92, -159.53, 0
-14.04, -308.16, -159.72, 0
-12.75, -309.77, -159.98, 0
-12.06, -310.42, -160.35, 0
-12.25, -310.13, -160.83, 0
-13.09, -309.09, -161.29, 0
-14.30, -307.60, -161.63, 0
-15.51, -306.14, -161.77, 0
-15.88, -304.99, -161.96, 0
-15.09, -303.98, -162.46, 0
-13.94, -302.88, -163.06, 0
-12.96, -301.72, -163.39, 0
-11.92, -300.43, -163.55, 0
-11.15, -299.11, -163.82, 0
-10.73, -298.04, -164.22, 0
-10.58, -297.52, -164.94, 0
-10.88, -297.57, -166.41, 0
-12.03, -297.58, -168.62, 0
-14.67, -296.56, -171.02, 0
-17.93, -294.24, -172.66, 0
-21.18, -291.07, -173.33, 0
-24.43, -288.00, -173.22, 0
-27.68, -285.90, -172.33, 0
-30.93, -285.18, -170.67, 0
-33.05, -285.50, -168.32, 0
-33.74, -286.05, -165.33, 0
-34.02, -286.04, -162.08, 0
-35.32, -284.87, -158.82, 0
-38.31, -282.56, -155.57, 0
-41.56, -279.91, -152.32, 0
-44.81, -277.91, -149.07, 0
-48.07, -277.21, -145.82, 0
-51.07, -277.92, -142.57, 0
-53.08, -279.64, -139.31, 0
-54.82, -281.71, -136.06, 0
-56.96, -283.21, -132.81, 0
-60.21, -284.24, -129.56, 0
-63.46, -285.48, -126.31, 0
-66.71, -287.49, -123.06, 0
-69.96, -290.49, -119.80, 0
-71.10, -293.74, -116.55, 0
-69.87, -296.85, -113.30, 0
-67.89, -299.00, -110.05, 0
-65.57, -299.55, -106.80, 0
-63.36, -298.40, -103.55, 0
-61.42, -295.78, -100.29, 0
-59.27, -292.53, -97.04, 0
-57.48, -289.28, -93.79, 0
-56.46, -286.03, -90.54, 0
-56.09, -282.77, -87.29, 0
-55.91, -279.52, -84.04, 0
-55.44, -276.27, -80.84, 0
-54.67, -273.02, -77.78, 0
-53.91, -269.77, -74.53, 0
-53.28, -266.52, -71.27, 0
-52.96, -263.26, -68.02, 0
-52.60, -260.01, -64.77, 0
-51.55, -256.76, -61.52, 0
-50.50, -253.51, -58.27, 0
-49.67, -250.26, -55.02, 0
-47.76, -247.01, -51.76, 0
-44.51, -243.75, -48.51, 0
-41.26, -240.50, -45.26, 0
-44.51, -240.67, -45.71, 0
-47.76, -243.92, -48.97, 0
-51.01, -247.17, -52.22, 0
-52.29, -250.42, -55.47, 0
-49.04, -253.67, -58.17, 0
-45.78, -256.92, -60.33, 0
-42.53, -260.18, -61.85, 0
-42.34, -263.43, -63.18, 0
-43.81, -266.68, -64.60, 0
-43.71, -269.93, -66.39, 0
-41.12, -273.18, -68.51, 0
-37.86, -276.44, -70.83, 0
-34.61, -279.69, -73.33, 0
-31.85, -282.86, -75.97, 0
-30.21, -285.05, -78.86, 0
-28.90, -286.58, -82.06, 0
-27.28, -287.78, -85.31, 0
-25.07, -288.82, -88.56, 0
-22.64, -289.70, -91.81, 0
-20.72, -290.32, -95.06, 0
-19.48, -290.48, -98.32, 0
-18.83, -290.15, -101.57, 0
-18.61, -289.39, -104.82, 0
-18.41, -288.37, -107.80, 0
-18.08, -287.21, -110.28, 0
-17.28, -286.41, -112.17, 0
-15.40, -286.05, -113.68, 0
-12.96, -285.79, -114.93, 0
-10.91, -285.39, -115.95, 0
-9.62, -284.50, -116.74, 0
-8.47, -283.74, -117.26, 0
-6.56, -283.48, -117.66, 0
-3.92, -283.46, -118.09, 0
-1.27, -283.57, -118.18, 0
1.70, -283.93, -117.87, 0
4.95, -284.67, -117.41, 0
8.20, -285.84, -117.03, 0
11.46, -287.37, -116.79, 0
14.71, -288.95, -116.80, 0
17.96, -290.42, -116.91, 0
21.21, -291.78, -117.02, 0
24.46, -293.20, -117.25, 0
27.71, -294.96, -117.61, 0
30.97, -297.20, -118.18, 0
34.22, -299.68, -118.92, 0
37.47, -302.53, -119.05, 0
40.72, -304.84, -119.06, 0
43.97, -305.49, -119.17, 0
45.51, -304.48, -118.54, 0
44.40, -302.21, -117.46, 0
42.44, -300.12, -116.11, 0
42.47, -299.52, -114.63, 0
45.44, -300.51, -113.28, 0
48.69, -302.30, -111.98, 0
51.94, -304.04, -110.62, 0
54.47, -305.41, -109.20, 0
56.22, -303.05, -107.66, 0
53.79, -302.21, -105.70, 0
53.78, -302.37, -105.00, 0
55.43, -302.99, -104.85, 0
55.11, -304.28, -104.20, 0
54.43, -305.22, -103.10, 0
54.28, -306.27, -101.42, 0
55.03, -307.90, -99.77, 0
56.19, -310.58, -98.65, 0
57.64, -313.83, -98.25, 0
59.19, -317.08, -98.66, 0
60.12, -320.34, -99.77, 0
59.85, -323.59, -101.36, 0
58.60, -326.84, -103.29, 0
56.88, -330.09, -105.48, 0
55.21, -333.34, -107.81, 0
53.93, -336.59, -110.11, 0
52.92, -339.85, -112.21, 0
52.06, -343.10, -113.95, 0
51.63, -346.35, -115.16, 0
51.86, -349.60, -115.83, 0
52.79, -352.85, -116.06, 0
54.14, -355.88, -116.06, 0
55.07, -358.06, -116.04, 0
55.32, -359.32, -116.15, 0
55.16, -359.76, -116.55, 0
54.85, -359.54, -117.16, 0
54.45, -358.64, -117.64, 0
53.93, -357.17, -117.55, 0
57.18, -360.42, -120.80, 0
60.44, -363.36, -124.06, 0
58.10, -364.17, -124.27, 0
54.85, -360.92, -123.03, 0
51.60, -357.67, -122.39, 0
51.97, -354.99, -123.60, 0
54.33, -352.96, -124.96, 0
54.45, -350.01, -125.21, 0
53.37, -346.76, -124.71, 0
53.49, -343.51, -123.87, 0
55.97, -341.00, -122.94, 0
59.22, -338.69, -121.88, 0
61.63, -335.99, -120.37, 0
62.88, -332.98, -118.46, 0
63.71, -330.32, -116.48, 0
65.10, -328.42, -114.65, 0
67.30, -327.31, -113.13, 0
69.86, -326.77, -111.96, 0
72.37, -326.54, -111.16, 0
74.54, -326.59, -110.73, 0
76.37, -326.88, -110.66, 0
77.75, -327.54, -110.87, 0
78.70, -328.72, -111.23, 0
79.55, -330.62, -111.55, 0
76.30, -329.73, -110.23, 0
74.42, -328.09, -109.55, 0
77.67, -326.12, -111.90, 0
80.92, -325.13, -113.66, 0
83.36, -324.86, -114.17, 0
82.84, -323.70, -114.33, 0
83.08, -322.48, -114.80, 0
83.44, -322.62, -115.18, 0
83.98, -322.93, -115.40, 0
85.73, -322.90, -115.79, 0
87.15, -323.80, -115.84, 0
86.48, -325.36, -115.01, 0
83.75, -325.54, -114.16, 0
80.50, -324.36, -112.84, 0
79.03, -322.87, -111.54, 0
79.97, -321.87, -111.03, 0
80.26, -320.67, -111.03, 0
81.39, -318.89, -110.33, 0
83.28, -316.87, -108.79, 0
82.55, -315.29, -107.25, 0
82.03, -313.62, -104.95, 0
80.79, -312.82, -102.56, 0
78.24, -312.70, -100.01, 0
75.88, -312.48, -97.92, 0
72.63, -309.23, -96.18, 0
69.38, -306.19, -94.14, 0
66.12, -305.71, -92.45, 0
64.99, -306.88, -91.88, 0
64.53, -308.07, -91.28, 0
61.73, -308.26, -89.79, 0
58.48, -307.38, -87.88, 0
55.66, -306.71, -85.84, 0
54.97, -306.88, -84.07, 0
54.17, -307.29, -82.48, 0
52.14, -307.21, -80.17, 0
49.72, -306.44, -77.23, 0
47.89, -304.69, -74.49, 0
44.64, -302.25, -71.49, 0
41.39, -300.36, -68.24, 0
38.14, -299.78, -65.92, 0
36.00, -300.31, -64.70, 0
34.06, -300.85, -63.83, 0
30.81, -301.04, -64.06, 0
27.56, -301.01, -65.00, 0
24.56, -300.77, -66.18, 0
23.23, -301.09, -68.21, 0
21.87, -302.16, -68.24, 0
19.98, -303.60, -64.99, 0
17.93, -304.64, -61.74, 0
14.67, -304.43, -59.14, 0
11.42, -303.95, -56.03, 0
8.17, -303.20, -53.70, 0
6.70, -302.93, -52.58, 0
8.05, -303.59, -51.64, 0
9.65, -305.18, -50.82, 0
9.58, -306.97, -49.62, 0
6.75, -307.68, -47.39, 0
3.50, -307.93, -44.81, 0
1.10, -308.69, -42.75, 0
1.82, -310.07, -41.38, 0
1.86, -312.41, -39.66, 0
0.29, -314.30, -37.32, 0
-2.18, -316.34, -34.59, 0
-4.91, -318.87, -31.74, 0
-7.51, -321.46, -29.31, 0
-9.75, -324.71, -26.45, 0
-11.89, -327.63, -23.97, 0
-13.97, -328.44, -21.53, 0
-15.81, -328.83, -19.28, 0
-17.40, -329.84, -16.90, 0
-17.95, -331.68, -14.58, 0
-17.03, -334.87, -12.65, 0
-15.16, -338.12, -10.36, 0
-12.84, -341.37, -7.69, 0
-9.84, -344.63, -5.08, 0
-6.59, -347.88, -2.19, 0
-3.34, -350.06, 1.06, 0
-2.23, -350.28, 4.31, 0
-2.18, -351.17, 7.56, 0
-2.73, -351.55, 10.81, 0
-3.39, -351.27, 14.06, 0
-3.92, -350.76, 17.32, 0
-4.27, -350.31, 20.57, 0
-4.33, -350.38, 23.82, 0
-3.96, -351.05, 27.07, 0
-3.22, -352.17, 30.32, 0
-2.07, -353.86, 33.57, 0
-0.52, -356.09, 36.71, 0
1.21, -358.25, 39.35, 0
2.62, -360.05, 41.71, 0
3.08, -361.21, 44.39, 0
2.54, -361.41, 47.08, 0
0.63, -360.90, 49.61, 0
-2.07, -359.52, 52.10, 0
-5.22, -357.28, 54.53, 0
-7.67, -355.30, 56.46, 0
-9.00, -354.56, 57.97, 0
-9.39, -355.49, 60.25, 0
-9.36, -356.30, 62.31, 0
-9.11, -356.37, 63.83, 0
-8.99, -356.22, 64.90, 0
-9.12, -355.99, 65.84, 0
-9.47, -355.85, 66.90, 0
-9.86, -355.96, 68.34, 0
-10.19, -355.94, 69.03, 0
-10.53, -356.01, 69.59, 0
-10.84, -356.30, 70.23, 0
-11.04, -356.73, 70.82, 0
-11.25, -357.19, 71.28, 0
-11.56, -357.52, 71.50, 0
-12.12, -357.88, 71.59, 0
-12.94, -358.18, 71.71, 0
-13.77, -358.23, 71.91, 0
-14.47, -358.04, 72.21, 0
-15.22, -357.81, 72.66, 0
-16.00, -357.62, 73.21, 0
-16.68, -357.49, 73.69, 0
-17.18, -357.45, 73.99, 0
-17.51, -357.49, 74.12, 0
-17.69, -357.59, 74.09, 0
-17.79, -357.66, 74.05, 0
-17.85, -357.71, 74.10, 0
-17.85, -357.73, 74.24, 0
-17.83, -357.77, 74.41, 0
-17.83, -357.94, 74.59, 0
-17.66, -357.50, 74.76, 0
-17.55, -356.94, 74.89, 0
-17.49, -356.57, 75.11, 0
-17.44, -356.32, 75.27, 0
-17.35, -356.18, 75.36, 0
-17.19, -356.01, 75.37, 0
-16.97, -355.86, 75.39, 0
-16.73, -355.70, 75.42, 0
-16.38, -355.46, 75.17, 0
-16.11, -355.39, 75.06, 0
-15.88, -355.44, 74.90, 0
-15.71, -355.51, 74.71, 0
-15.65, -355.54, 74.53, 0
-15.60, -355.35, 74.34, 0
-15.61, -355.29, 74.30, 0
-15.64, -355.44, 74.04, 0
-15.70, -355.84, 73.71, 0
-15.72, -356.26, 73.57, 0
-15.72, -356.57, 73.59, 0
-15.78, -356.89, 73.75, 0
-15.88, -357.25, 73.96, 0
-15.98, -357.69, 74.15, 0
-15.98, -358.19, 73.93, 0
-15.79, -358.56, 73.64, 0
-15.39, -358.55, 73.42, 0
-14.90, -358.61, 73.23, 0
-14.41, -358.68, 73.25, 0
-14.20, -358.98, 73.01, 0
-14.28, -359.25, 72.84, 0
-14.61, -359.54, 73.09, 0
-14.85, -359.38, 73.25, 0
-14.84, -358.98, 73.29, 0
-14.85, -358.80, 73.56, 0
-15.09, -358.74, 73.87, 0
-15.22, -358.64, 74.00, 0
-15.67, -358.97, 74.36, 0
-16.16, -359.21, 74.43, 0
-16.69, -359.53, 74.57, 0
-16.83, -359.58, 74.74, 0
-17.04, -359.86, 74.92, 0
-17.22, -359.63, 74.84, 0
-17.22, -359.42, 74.88, 0
-16.80, -359.51, 75.21, 0
-16.63, -359.55, 75.55, 0
-16.86, -359.74, 75.74, 0
-17.10, -360.05, 75.89, 0
-17.16, -360.39, 75.92, 0
-17.03, -360.76, 75.87, 0
-16.50, -361.21, 75.64, 0
-15.90, -361.42, 75.12, 0
-15.19, -361.63, 74.82, 0
-14.56, -361.70, 74.65, 0
-13.71, -361.66, 74.53, 0
-12.47, -361.62, 74.38, 0
-10.59, -361.67, 74.16, 0
-8.18, -361.76, 73.83, 0
-4.93, -361.90, 73.44, 0
-1.68, -362.20, 72.91, 0
1.57, -362.52, 72.34, 0
4.83, -362.99, 71.74, 0
8.08, -363.46, 71.00, 0
11.33, -364.01, 70.07, 0
14.58, -364.51, 69.23, 0
17.83, -365.18, 68.44, 0
21.09, -365.92, 67.58, 0
24.34, -366.54, 66.59, 0
27.59, -367.23, 65.60, 0
30.84, -368.03, 64.69, 0
34.09, -368.81, 63.77, 0
37.34, -369.52, 62.91, 0
40.60, -370.14, 62.24, 0
43.85, -370.70, 61.37, 0
47.10, -371.21, 60.41, 0
50.35, -371.56, 59.47, 0
53.60, -371.47, 58.80, 0
56.05, -371.52, 58.38, 0
57.29, -371.57, 58.31, 0
57.78, -371.53, 58.45, 0
57.98, -371.34, 58.55, 0
58.07, -371.01, 58.57, 0
58.11, -370.71, 58.55, 0
58.10, -370.51, 58.47, 0
58.04, -370.37, 58.35, 0
57.96, -370.29, 58.26, 0
57.83, -370.35, 58.20, 0
57.63, -370.48, 58.21, 0
57.29, -370.56, 58.27, 0
56.29, -370.61, 58.43, 0
54.43, -370.67, 58.70, 0
51.53, -370.67, 59.04, 0
48.28, -370.52, 59.57, 0
45.03, -370.25, 60.45, 0
41.78, -370.00, 61.48, 0
38.53, -369.83, 62.40, 0
35.27, -369.75, 63.23, 0
32.02, -369.82, 64.04, 0
28.77, -369.93, 64.80, 0
25.52, -369.89, 65.61, 0
22.27, -369.68, 66.56, 0
19.02, -369.48, 67.73, 0
15.76, -369.32, 69.11, 0
12.51, -369.12, 70.44, 0
9.26, -368.76, 71.59, 0
6.01, -368.09, 72.52, 0
2.76, -367.07, 73.29, 0
-0.50, -366.20, 74.26, 0
-3.75, -365.40, 75.47, 0
-7.00, -364.73, 76.66, 0
-10.25, -364.44, 77.55, 0
-13.14, -364.22, 77.98, 0
-14.76, -363.99, 78.18, 0
-15.29, -363.79, 78.21, 0
-15.39, -363.67, 78.16, 0
-15.39, -363.63, 78.09, 0
-15.26, -363.76, 77.99, 0
-15.48, -364.16, 77.94, 0
-16.27, -365.01, 77.91, 0
-17.01, -365.47, 77.89, 0
-17.55, -365.56, 77.94, 0
-18.25, -365.35, 78.12, 0
-19.21, -365.08, 78.50, 0
-19.88, -364.77, 78.81, 0
-20.31, -364.55, 78.96, 0
-20.90, -364.51, 79.08, 0
-22.08, -364.49, 79.30, 0
-23.43, -364.42, 79.53, 0
-24.63, -364.30, 79.76, 0
-25.71, -364.13, 79.94, 0
-26.35, -363.98, 80.02, 0
-26.63, -363.86, 80.03, 0
-26.72, -363.79, 80.00, 0
-26.72, -363.76, 79.97, 0
-26.68, -363.73, 79.92, 0
-26.59, -363.68, 79.88, 0
-26.42, -363.67, 79.83, 0
-25.93, -363.72, 79.72, 0
-25.68, -363.84, 79.67, 0
-25.44, -363.99, 79.63, 0
-25.21, -364.12, 79.59, 0
-24.95, -364.22, 79.54, 0
-24.59, -364.27, 79.47, 0
-24.00, -364.21, 79.32, 0
-23.78, -364.15, 79.26, 0
-23.32, -364.01, 79.15, 0
-22.97, -363.88, 79.07, 0
-22.53, -363.87, 78.98, 0
-21.78, -363.91, 78.87, 0
-20.83, -363.88, 78.69, 0
-19.99, -363.99, 78.58, 0
-19.30, -364.08, 78.52, 0
-18.69, -364.10, 78.43, 0
-18.46, -364.22, 78.39, 0
-18.16, -364.35, 78.36, 0
-17.42, -364.22, 78.26, 0
-16.32, -363.55, 78.10, 0
-15.77, -363.63, 78.14, 0
-15.64, -363.85, 78.26, 0
-15.61, -364.19, 78.33, 0
-15.74, -364.05, 78.40, 0
-16.17, -363.74, 78.24, 0
-16.67, -363.94, 78.39, 0
-17.06, -363.97, 78.48, 0
-17.29, -363.91, 78.57, 0
-17.70, -363.60, 78.44, 0
-17.86, -363.16, 78.55, 0
-18.08, -362.86, 78.55, 0
-18.15, -362.66, 78.61, 0
-18.20, -362.12, 78.39, 0
-17.98, -361.76, 78.14, 0
-17.59, -361.41, 77.73, 0
-16.89, -360.30, 76.66, 0
-16.25, -359.58, 75.71, 0
-15.55, -358.96, 74.80, 0
-14.81, -358.32, 73.86, 0
-14.08, -357.67, 72.88, 0
-13.35, -357.00, 71.86, 0
-12.60, -356.31, 70.82, 0
-11.82, -355.62, 69.77, 0
-10.99, -354.93, 68.75, 0
-10.14, -354.27, 67.75, 0
-9.26, -353.65, 66.75, 0
-8.32, -353.14, 65.49, 0
-7.44, -352.70, 64.37, 0
-6.57, -352.25, 63.47, 0
-5.71, -351.87, 62.63, 0
-4.85, -351.54, 61.73, 0
-3.93, -351.30, 60.60, 0
-2.93, -351.28, 59.02, 0
-1.53, -351.58, 56.72, 0
0.08, -352.17, 54.38, 0
1.49, -352.60, 52.61, 0
2.46, -352.63, 51.43, 0
2.97, -352.30, 50.60, 0
3.40, -351.88, 49.97, 0
3.83, -351.34, 49.46, 0
4.48, -350.86, 48.97, 0
5.24, -350.50, 48.49, 0
6.05, -350.23, 48.03, 0
6.86, -349.98, 47.58, 0
7.67, -349.61, 47.07, 0
8.45, -349.10, 46.54, 0
9.14, -348.62, 46.00, 0
9.80, -348.21, 45.48, 0
10.47, -347.82, 45.00, 0
11.14, -347.47, 44.53, 0
11.81, -347.14, 44.08, 0
12.46, -346.82, 43.67, 0
13.12, -346.49, 43.28, 0
13.74, -346.04, 42.91, 0
14.34, -345.58, 42.58, 0
14.90, -344.94, 42.43, 0
15.41, -344.32, 42.34, 0
16.00, -343.88, 42.24, 0
16.60, -343.58, 42.15, 0
17.23, -343.37, 42.06, 0
17.91, -343.16, 41.99, 0
18.65, -342.91, 41.93, 0
19.48, -342.63, 41.92, 0
20.42, -342.38, 41.98, 0
21.39, -342.10, 42.11, 0
22.36, -341.73, 42.32, 0
23.51, -341.27, 42.67, 0
24.58, -340.69, 43.17, 0
25.63, -339.99, 43.74, 0
26.74, -339.36, 44.36, 0
27.84, -338.80, 44.88, 0
28.88, -338.19, 45.33, 0
29.82, -337.53, 45.83, 0
30.73, -336.86, 46.35, 0
31.60, -336.14, 46.83, 0
32.37, -335.39, 47.28, 0
33.15, -334.68, 47.69, 0
34.06, -334.09, 47.99, 0
35.11, -333.47, 48.20, 0
36.19, -332.79, 48.38, 0
37.39, -331.98, 48.45, 0
38.78, -330.98, 48.39, 0
40.31, -329.70, 48.17, 0
41.93, -328.02, 47.74, 0
43.67, -325.94, 47.12, 0
45.65, -323.89, 46.44, 0
47.51, -322.15, 45.59, 0
49.92, -321.05, 44.48, 0
52.54, -320.49, 43.04, 0
55.30, -320.02, 41.12, 0
58.01, -319.51, 38.71, 0
60.52, -318.68, 35.95, 0
63.03, -317.65, 33.34, 0
65.73, -316.97, 30.98, 0
68.32, -316.92, 28.50, 0
70.63, -317.36, 25.73, 0
72.66, -317.92, 22.91, 0
74.31, -318.20, 20.34, 0
75.52, -317.92, 17.92, 0
76.32, -317.20, 15.56, 0
76.87, -316.34, 13.25, 0
77.34, -315.62, 10.90, 0
77.81, -315.19, 8.79, 0
78.19, -314.78, 7.01, 0
78.34, -314.20, 5.51, 0
78.47, -313.65, 4.17, 0
78.67, -313.37, 2.88, 0
78.95, -313.32, 1.51, 0
79.18, -313.29, -0.02, 0
79.36, -313.12, -1.46, 0
79.50, -312.79, -2.56, 0
79.72, -312.51, -3.11, 0
80.27, -312.52, -3.23, 0
80.86, -312.88, -3.39, 0
81.13, -313.54, -3.92, 0
81.07, -313.76, -4.64, 0
79.90, -312.75, -4.82, 0
78.20, -310.79, -4.12, 0
76.46, -308.57, -2.95, 0
74.90, -306.76, -1.59, 0
73.66, -305.72, -0.09, 0
72.55, -305.28, 1.27, 0
71.36, -305.00, 2.35, 0
70.14, -304.71, 3.33, 0
68.98, -304.51, 4.45, 0
67.84, -304.36, 5.84, 0
66.67, -304.21, 7.51, 0
65.46, -303.96, 9.19, 0
63.83, -303.70, 10.93, 0
61.56, -303.39, 13.05, 0
59.07, -303.21, 15.52, 0
56.95, -303.56, 17.96, 0
55.51, -304.72, 20.18, 0
54.94, -306.62, 22.24, 0
55.09, -308.77, 24.21, 0
55.62, -310.71, 26.40, 0
55.83, -312.05, 29.28, 0
55.70, -312.26, 32.31, 0
56.74, -312.69, 34.80, 0
59.64, -313.57, 37.06, 0
61.77, -312.98, 39.66, 0
62.67, -310.19, 42.91, 0
63.71, -306.94, 46.16, 0
64.21, -303.69, 49.42, 0
64.96, -300.44, 52.67, 0
66.85, -297.19, 55.92, 0
69.36, -293.93, 59.17, 0
67.55, -290.68, 62.42, 0
70.11, -289.56, 62.98, 0
73.37, -292.81, 60.44, 0
71.33, -294.43, 62.27, 0
69.27, -295.79, 65.11, 0
72.52, -297.76, 65.12, 0
72.99, -299.69, 64.32, 0
73.09, -302.21, 63.38, 0
74.23, -305.46, 62.59, 0
74.43, -307.99, 61.93, 0
73.14, -309.63, 61.50, 0
72.30, -311.16, 61.09, 0
71.15, -312.09, 61.07, 0
70.89, -312.65, 60.84, 0
70.57, -313.22, 60.62, 0
70.47, -313.87, 60.52, 0
70.58, -314.51, 60.59, 0
70.27, -315.17, 60.82, 0
70.25, -315.94, 61.15, 0
70.55, -316.84, 61.57, 0
70.51, -317.92, 62.01, 0
70.73, -319.14, 62.53, 0
70.74, -320.23, 63.22, 0
70.62, -321.41, 63.95, 0
70.13, -322.62, 64.57, 0
69.33, -323.54, 64.98, 0
68.65, -324.20, 65.13, 0
68.00, -324.51, 65.09, 0
67.55, -324.36, 64.77, 0
67.15, -323.91, 64.28, 0
66.59, -323.26, 63.74, 0
65.82, -322.50, 63.25, 0
65.03, -321.73, 62.83, 0
64.43, -321.07, 62.49, 0
64.07, -320.61, 62.23, 0
63.86, -320.34, 62.07, 0
63.78, -320.28, 62.00, 0
63.85, -320.40, 62.04, 0
64.07, -320.66, 62.14, 0
64.35, -320.97, 62.28, 0
64.63, -321.28, 62.43, 0
64.86, -321.54, 62.57, 0
65.02, -321.72, 62.66, 0
65.07, -321.81, 62.71, 0
65.07, -321.81, 62.70, 0
65.02, -321.77, 62.66, 0
64.95, -321.71, 62.61, 0
64.89, -321.68, 62.57, 0
64.85, -321.69, 62.55, 0
64.85, -321.75, 62.56, 0
64.89, -321.83, 62.59, 0
64.92, -321.91, 62.62, 0
64.95, -321.97, 62.65, 0
64.96, -322.01, 62.66, 0
64.94, -322.02, 62.65, 0
64.92, -322.03, 62.63, 0
64.90, -322.03, 62.61, 0
64.88, -322.05, 62.61, 0
64.89, -322.08, 62.62, 0
64.89, -322.12, 62.63, 0
64.89, -322.16, 62.64, 0
64.89, -322.21, 62.64, 0
64.88, -322.24, 62.64, 0
64.87, -322.26, 62.64, 0
64.86, -322.27, 62.64, 0
64.85, -322.29, 62.63, 0
64.84, -322.32, 62.63, 0
64.83, -322.36, 62.64, 0
64.83, -322.40, 62.64, 0
64.83, -322.43, 62.65, 0
64.83, -322.46, 62.65, 0
64.82, -322.49, 62.66, 0
64.82, -322.52, 62.66, 0
64.81, -322.54, 62.66, 0
64.80, -322.57, 62.66, 0
64.80, -322.61, 62.66, 0
64.80, -322.64, 62.67, 0
64.80, -322.68, 62.67, 0
64.80, -322.72, 62.68, 0
64.82, -322.77, 62.69, 0
64.84, -322.82, 62.71, 0
64.87, -322.88, 62.73, 0
64.91, -322.94, 62.75, 0
64.93, -323.00, 62.77, 0
64.93, -323.05, 62.77, 0
64.92, -323.08, 62.77, 0
64.91, -323.10, 62.77, 0
64.90, -323.11, 62.76, 0
64.89, -323.12, 62.75, 0
64.88, -323.15, 62.75, 0
64.87, -323.18, 62.75, 0
64.87, -323.22, 62.76, 0
64.87, -323.25, 62.76, 0
64.86, -323.29, 62.76, 0
64.85, -323.31, 62.76, 0
64.85, -323.34, 62.76, 0
64.85, -323.37, 62.77, 0
64.85, -323.41, 62.77, 0
64.85, -323.45, 62.78, 0
64.86, -323.49, 62.78, 0
64.86, -323.53, 62.78, 0
64.85, -323.56, 62.78, 0
64.85, -323.60, 62.78, 0
64.84, -323.64, 62.78, 0
64.84, -323.67, 62.78, 0
64.85, -323.69, 62.78, 0
64.85, -323.71, 62.78, 0
64.84, -323.73, 62.78, 0
64.83, -323.76, 62.78, 0
64.83, -323.79, 62.78, 0
64.82, -323.82, 62.78, 0
64.82, -323.84, 62.78, 0
64.81, -323.86, 62.78, 0
64.80, -323.87, 62.78, 0
