-104.78, -71.15, 77.89, 0
-104.80, -71.17, 77.89, 0
-104.81, -71.19, 77.89, 0
-104.82, -71.21, 77.88, 0
-104.84, -71.23, 77.88, 0
-104.86, -71.26, 77.88, 0
-104.87, -71.28, 77.88, 0
-104.87, -71.30, 77.87, 0
-104.89, -71.32, 77.87, 0
-104.91, -71.34, 77.87, 0
-104.92, -71.36, 77.87, 0
-104.93, -71.39, 77.86, 0
-104.94, -71.41, 77.86, 0
-104.96, -71.43, 77.86, 0
-104.97, -71.45, 77.85, 0
-104.98, -71.47, 77.85, 0
-105.00, -71.49, 77.85, 0
-105.01, -71.51, 77.85, 0
-105.03, -71.54, 77.84, 0
-105.04, -71.56, 77.84, 0
-105.05, -71.58, 77.84, 0
-105.07, -71.60, 77.84, 0
-105.08, -71.62, 77.83, 0
-105.09, -71.64, 77.83, 0
-105.10, -71.67, 77.83, 0
-105.12, -71.69, 77.82, 0
-105.13, -71.71, 77.82, 0
-105.14, -71.73, 77.82, 0
-105.15, -71.75, 77.82, 0
-105.17, -71.77, 77.81, 0
-105.19, -71.80, 77.81, 0
-105.20, -71.82, 77.81, 0
-105.21, -71.84, 77.80, 0
-105.23, -71.86, 77.80, 0
-105.24, -71.88, 77.80, 0
-105.25, -71.90, 77.80, 0
-105.26, -71.92, 77.79, 0
-105.28, -71.95, 77.79, 0
-105.30, -71.97, 77.79, 0
-105.31, -71.99, 77.79, 0
-105.31, -72.01, 77.78, 0
-105.33, -72.03, 77.78, 0
-105.35, -72.05, 77.78, 0
-105.36, -72.07, 77.78, 0
-105.36, -72.09, 77.77, 0
-105.38, -72.12, 77.77, 0
-105.40, -72.14, 77.77, 0
-105.41, -72.16, 77.76, 0
-105.42, -72.18, 77.76, 0
-105.43, -72.20, 77.76, 0
-105.46, -72.23, 77.76, 0
-105.47, -72.25, 77.75, 0
-105.47, -72.27, 77.75, 0
-105.49, -72.29, 77.75, 0
-105.51, -72.31, 77.75, 0
-105.52, -72.33, 77.74, 0
-105.53, -72.35, 77.74, 0
-105.54, -72.38, 77.74, 0
-105.56, -72.40, 77.74, 0
-105.58, -72.42, 77.73, 0
-105.59, -72.44, 77.73, 0
-105.60, -72.46, 77.73, 0
-105.62, -72.48, 77.72, 0
-105.63, -72.51, 77.72, 0
-105.64, -72.53, 77.72, 0
-105.65, -72.55, 77.71, 0
-105.67, -72.57, 77.71, 0
-105.69, -72.59, 77.71, 0
-105.70, -72.61, 77.71, 0
-105.71, -72.63, 77.70, 0
-105.72, -72.66, 77.70, 0
-105.74, -72.68, 77.70, 0
-105.75, -72.70, 77.70, 0
-105.76, -72.72, 77.69, 0
-105.78, -72.74, 77.69, 0
-105.80, -72.76, 77.69, 0
-105.80, -72.79, 77.69, 0
-105.81, -72.81, 77.68, 0
-105.83, -72.83, 77.68, 0
-105.85, -72.85, 77.68, 0
-105.86, -72.87, 77.67, 0
-105.87, -72.89, 77.67, 0
-105.88, -72.92, 77.67, 0
-105.90, -72.94, 77.67, 0
-105.91, -72.96, 77.67, 0
-105.92, -72.98, 77.66, 0
-105.94, -73.00, 77.66, 0
-105.96, -73.02, 77.66, 0
-105.97, -73.05, 77.65, 0
-105.98, -73.07, 77.65, 0
-105.99, -73.09, 77.65, 0
-106.01, -73.11, 77.65, 0
-106.02, -73.13, 77.65, 0
-106.03, -73.15, 77.64, 0
-106.05, -73.18, 77.64, 0
-106.07, -73.20, 77.64, 0
-106.08, -73.22, 77.63, 0
-106.09, -73.24, 77.63, 0
-106.10, -73.26, 77.63, 0
-106.12, -73.28, 77.63, 0
-106.13, -73.30, 77.62, 0
-106.14, -73.32, 77.62, 0
-106.16, -73.34, 77.62, 0
-106.18, -73.37, 77.62, 0
-106.19, -73.39, 77.61, 0
-106.20, -73.41, 77.61, 0
-106.21, -73.43, 77.61, 0
-106.23, -73.45, 77.61, 0
-106.24, -73.48, 77.60, 0
-106.25, -73.50, 77.60, 0
-106.26, -73.52, 77.60, 0
-106.28, -73.54, 77.60, 0
-106.30, -73.56, 77.59, 0
-106.30, -73.59, 77.59, 0
-106.31, -73.61, 77.59, 0
-106.33, -73.63, 77.58, 0
-106.35, -73.65, 77.58, 0
-106.36, -73.67, 77.58, 0
-106.37, -73.69, 77.58, 0
-106.38, -73.72, 77.57, 0
-106.40, -73.74, 77.57, 0
-106.42, -73.76, 77.57, 0
-106.42, -73.78, 77.56, 0
-106.44, -73.80, 77.56, 0
-106.46, -73.83, 77.56, 0
-106.47, -73.85, 77.56, 0
-106.48, -73.87, 77.55, 0
-106.49, -73.89, 77.55, 0
-106.51, -73.92, 77.55, 0
-106.52, -73.94, 77.55, 0
-106.53, -73.96, 77.54, 0
-106.55, -73.98, 77.54, 0
-106.56, -74.00, 77.54, 0
-106.58, -74.02, 77.54, 0
-106.58, -74.05, 77.53, 0
-106.60, -74.07, 77.53, 0
-106.62, -74.09, 77.53, 0
-106.63, -74.11, 77.53, 0
-106.64, -74.13, 77.52, 0
-106.65, -74.15, 77.52, 0
-106.67, -74.18, 77.52, 0
-106.68, -74.20, 77.52, 0
-106.69, -74.22, 77.51, 0
-106.70, -74.24, 77.51, 0
-106.73, -74.26, 77.51, 0
-106.74, -74.28, 77.51, 0
-106.74, -74.31, 77.50, 0
-106.76, -74.33, 77.50, 0
-106.78, -74.35, 77.50, 0
-106.79, -74.37, 77.49, 0
-106.80, -74.39, 77.49, 0
-106.81, -74.41, 77.49, 0
-106.83, -74.44, 77.49, 0
-106.85, -74.46, 77.48, 0
-106.85, -74.48, 77.48, 0
-106.86, -74.50, 77.48, 0
-106.88, -74.52, 77.48, 0
-106.90, -74.55, 77.47, 0
-106.90, -74.56, 77.47, 0
-106.91, -74.59, 77.47, 0
-106.93, -74.61, 77.47, 0
-106.95, -74.63, 77.46, 0
-106.96, -74.65, 77.46, 0
-106.97, -74.67, 77.46, 0
-106.98, -74.70, 77.45, 0
-107.00, -74.72, 77.45, 0
-107.01, -74.74, 77.45, 0
-107.02, -74.76, 77.45, 0
-107.04, -74.78, 77.44, 0
-107.06, -74.81, 77.44, 0
-107.07, -74.83, 77.44, 0
-107.07, -74.85, 77.43, 0
-107.09, -74.87, 77.43, 0
-107.11, -74.89, 77.43, 0
-107.12, -74.91, 77.43, 0
-107.13, -74.94, 77.42, 0
-107.14, -74.96, 77.42, 0
-107.16, -74.98, 77.42, 0
-107.18, -75.00, 77.42, 0
-107.18, -75.02, 77.41, 0
-107.20, -75.04, 77.41, 0
-107.22, -75.07, 77.41, 0
-107.23, -75.09, 77.40, 0
-107.24, -75.11, 77.40, 0
-107.25, -75.13, 77.40, 0
-107.27, -75.16, 77.40, 0
-107.28, -75.18, 77.39, 0
-107.29, -75.20, 77.39, 0
-107.30, -75.22, 77.39, 0
-107.32, -75.24, 77.38, 0
-107.34, -75.26, 77.38, 0
-107.34, -75.28, 77.38, 0
-107.36, -75.31, 77.38, 0
-107.37, -75.33, 77.37, 0
-107.39, -75.35, 77.37, 0
-107.40, -75.37, 77.37, 0
-107.41, -75.39, 77.36, 0
-107.42, -75.42, 77.36, 0
-107.44, -75.44, 77.36, 0
-107.45, -75.46, 77.36, 0
-107.46, -75.48, 77.35, 0
-107.48, -75.50, 77.35, 0
-107.49, -75.52, 77.35, 0
-107.51, -75.55, 77.35, 0
-107.52, -75.57, 77.34, 0
-107.53, -75.59, 77.34, 0
-107.55, -75.61, 77.34, 0
-107.56, -75.63, 77.34, 0
-107.57, -75.65, 77.33, 0
-107.58, -75.67, 77.33, 0
-107.60, -75.70, 77.33, 0
-107.61, -75.72, 77.33, 0
-107.62, -75.74, 77.32, 0
-107.64, -75.76, 77.32, 0
-107.66, -75.78, 77.32, 0
-107.67, -75.80, 77.32, 0
-107.68, -75.83, 77.31, 0
-107.69, -75.85, 77.31, 0
-107.71, -75.87, 77.31, 0
-107.73, -75.89, 77.31, 0
-107.73, -75.91, 77.30, 0
-107.74, -75.93, 77.30, 0
-107.77, -75.96, 77.30, 0
-107.78, -75.98, 77.30, 0
-107.78, -76.00, 77.29, 0
-107.80, -76.02, 77.29, 0
-107.82, -76.04, 77.29, 0
-107.84, -76.06, 77.29, 0
-107.84, -76.08, 77.28, 0
-107.85, -76.10, 77.28, 0
-107.87, -76.13, 77.28, 0
-107.89, -76.15, 77.27, 0
-107.89, -76.17, 77.27, 0
-107.90, -76.19, 77.27, 0
-107.92, -76.21, 77.27, 0
-107.94, -76.24, 77.27, 0
-107.95, -76.26, 77.26, 0
-107.95, -76.28, 77.26, 0
-107.97, -76.30, 77.26, 0
-107.99, -76.32, 77.25, 0
-108.01, -76.34, 77.25, 0
-108.01, -76.37, 77.25, 0
-108.02, -76.39, 77.24, 0
-108.04, -76.41, 77.24, 0
-108.06, -76.43, 77.24, 0
-108.06, -76.45, 77.23, 0
-108.08, -76.47, 77.23, 0
-108.10, -76.50, 77.23, 0
-108.11, -76.52, 77.23, 0
-108.12, -76.54, 77.22, 0
-108.13, -76.56, 77.22, 0
-108.15, -76.58, 77.22, 0
-108.16, -76.60, 77.22, 0
-108.17, -76.62, 77.21, 0
-108.18, -76.64, 77.21, 0
-108.20, -76.67, 77.21, 0
-108.22, -76.69, 77.21, 0
-108.23, -76.71, 77.20, 0
-108.24, -76.73, 77.20, 0
-108.26, -76.76, 77.20, 0
-108.27, -76.78, 77.20, 0
-108.28, -76.80, 77.19, 0
-108.28, -76.82, 77.19, 0
-108.30, -76.85, 77.19, 0
-108.32, -76.87, 77.18, 0
-108.32, -76.89, 77.18, 0
-108.33, -76.91, 77.18, 0
-108.35, -76.94, 77.18, 0
-108.37, -76.96, 77.17, 0
-108.37, -76.98, 77.17, 0
-108.39, -77.00, 77.17, 0
-108.41, -77.03, 77.17, 0
-108.41, -77.04, 77.16, 0
-108.42, -77.06, 77.16, 0
-108.45, -77.09, 77.16, 0
-108.47, -77.11, 77.15, 0
-108.48, -77.13, 77.15, 0
-108.48, -77.15, 77.15, 0
-108.50, -77.17, 77.14, 0
-108.52, -77.20, 77.14, 0
-108.53, -77.22, 77.14, 0
-108.54, -77.24, 77.14, 0
-108.56, -77.26, 77.14, 0
-108.57, -77.28, 77.13, 0
-108.58, -77.30, 77.13, 0
-108.60, -77.32, 77.13, 0
-108.61, -77.33, 77.12, 0
-108.66, -77.34, 77.10, 0
-108.75, -77.38, 77.11, 0
-108.69, -77.43, 77.14, 0
-108.42, -77.44, 77.14, 0
-108.25, -77.42, 77.11, 0
-108.49, -77.44, 77.05, 0
-108.93, -77.54, 76.95, 0
-108.96, -77.63, 76.92, 0
-108.60, -77.63, 76.96, 0
-108.37, -77.59, 76.92, 0
-108.59, -77.64, 76.90, 0
-108.87, -77.71, 76.93, 0
-108.79, -77.73, 76.93, 0
-108.59, -77.70, 76.90, 0
-108.65, -77.73, 76.90, 0
-108.81, -77.78, 76.92, 0
-108.81, -77.80, 76.91, 0
-108.73, -77.80, 76.90, 0
-108.74, -77.83, 76.90, 0
-108.83, -77.86, 76.90, 0
-108.85, -77.88, 76.90, 0
-108.81, -77.89, 76.89, 0
-108.82, -77.91, 76.89, 0
-108.88, -77.95, 76.89, 0
-108.89, -77.96, 76.88, 0
-108.87, -77.98, 76.88, 0
-108.88, -78.00, 76.88, 0
-108.92, -78.03, 76.88, 0
-108.93, -78.05, 76.87, 0
-108.93, -78.07, 76.87, 0
-108.94, -78.09, 76.87, 0
-108.97, -78.11, 76.86, 0
-108.98, -78.14, 76.86, 0
-108.98, -78.16, 76.86, 0
-109.00, -78.18, 76.85, 0
-109.01, -78.20, 76.85, 0
-109.03, -78.22, 76.85, 0
-109.04, -78.24, 76.85, 0
-109.06, -78.27, 76.85, 0
-109.07, -78.28, 76.84, 0
-109.07, -78.30, 76.84, 0
-109.09, -78.33, 76.83, 0
-109.11, -78.35, 76.83, 0
-109.13, -78.37, 76.83, 0
-109.13, -78.38, 76.82, 0
-109.15, -78.40, 76.82, 0
-109.17, -78.43, 76.82, 0
-109.18, -78.45, 76.82, 0
-109.19, -78.47, 76.81, 0
-109.20, -78.49, 76.81, 0
-109.22, -78.51, 76.81, 0
-109.23, -78.53, 76.81, 0
-109.24, -78.55, 76.80, 0
-109.26, -78.58, 76.80, 0
-109.28, -78.60, 76.80, 0
-109.29, -78.62, 76.80, 0
-109.30, -78.64, 76.79, 0
-109.31, -78.66, 76.79, 0
-109.32, -78.68, 76.79, 0
-109.34, -78.71, 76.78, 0
-109.36, -78.73, 76.78, 0
-109.37, -78.75, 76.78, 0
-109.37, -78.77, 76.77, 0
-109.39, -78.79, 76.77, 0
-109.40, -78.82, 76.77, 0
-109.41, -78.84, 76.77, 0
-109.43, -78.86, 76.76, 0
-109.44, -78.88, 76.76, 0
-109.44, -78.90, 76.76, 0
-109.46, -78.92, 76.76, 0
-109.48, -78.95, 76.76, 0
-109.48, -78.97, 76.75, 0
-109.49, -78.99, 76.75, 0
-109.50, -79.01, 76.75, 0
-109.52, -79.04, 76.75, 0
-109.54, -79.06, 76.74, 0
-109.54, -79.08, 76.74, 0
-109.55, -79.10, 76.74, 0
-109.57, -79.12, 76.74, 0
-109.60, -79.15, 76.73, 0
-109.60, -79.17, 76.73, 0
-109.60, -79.19, 76.73, 0
-109.62, -79.21, 76.72, 0
-109.65, -79.23, 76.72, 0
-109.66, -79.25, 76.72, 0
-109.66, -79.27, 76.71, 0
-109.65, -79.29, 76.70, 0
-109.70, -79.32, 76.71, 0
-109.71, -79.35, 76.71, 0
-109.66, -79.36, 76.70, 0
-109.69, -79.39, 76.70, 0
-109.89, -79.47, 76.76, 0
-110.01, -79.49, 76.72, 0
-109.71, -79.42, 76.65, 0
-109.51, -79.43, 76.68, 0
-109.80, -79.51, 76.70, 0
-110.07, -79.58, 76.71, 0
-109.92, -79.57, 76.69, 0
-109.67, -79.53, 76.65, 0
-109.77, -79.58, 76.67, 0
-110.02, -79.65, 76.70, 0
-110.00, -79.66, 76.68, 0
-109.82, -79.64, 76.66, 0
-109.83, -79.67, 76.66, 0
-109.98, -79.71, 76.67, 0
-110.02, -79.74, 76.67, 0
-109.94, -79.74, 76.66, 0
-109.93, -79.76, 76.65, 0
-109.99, -79.79, 76.66, 0
-110.04, -79.82, 76.66, 0
-110.02, -79.83, 76.65, 0
-110.00, -79.85, 76.64, 0
-110.03, -79.87, 76.64, 0
-110.07, -79.90, 76.65, 0
-110.08, -79.92, 76.64, 0
-110.07, -79.94, 76.63, 0
-110.08, -79.96, 76.63, 0
-110.12, -79.99, 76.63, 0
-110.14, -80.01, 76.63, 0
-110.13, -80.03, 76.62, 0
-110.14, -80.05, 76.62, 0
-110.18, -80.08, 76.62, 0
-110.19, -80.10, 76.62, 0
-110.19, -80.12, 76.62, 0
-110.21, -80.15, 76.61, 0
-110.23, -80.17, 76.61, 0
-110.24, -80.19, 76.61, 0
-110.21, -80.21, 76.60, 0
-110.14, -80.26, 76.61, 0
-110.11, -80.35, 76.68, 0
-110.07, -80.41, 76.71, 0
-109.95, -80.41, 76.65, 0
-109.88, -80.43, 76.62, 0
-110.42, -80.46, 76.29, 0
-110.37, -80.70, 75.74, 0
-110.35, -80.78, 75.39, 0
-109.46, -80.73, 75.15, 0
-108.18, -80.57, 74.81, 0
-107.47, -80.47, 74.33, 0
-107.44, -80.33, 73.45, 0
-105.39, -80.18, 71.56, 0
-102.14, -79.49, 69.51, 0
-98.89, -78.15, 67.54, 0
-95.64, -75.93, 64.84, 0
-92.39, -76.64, 61.58, 0
-90.46, -76.45, 58.33, 0
-88.77, -78.99, 55.93, 0
-85.51, -79.58, 53.28, 0
-84.12, -80.00, 52.11, 0
-87.37, -82.02, 52.94, 0
-90.62, -84.02, 53.72, 0
-93.88, -83.17, 52.20, 0
-97.13, -82.99, 52.06, 0
-100.32, -82.05, 53.97, 0
-103.57, -80.06, 57.23, 0
-106.82, -77.74, 60.48, 0
-110.07, -75.94, 63.36, 0
-113.32, -75.17, 66.19, 0
-113.41, -76.36, 68.75, 0
-111.78, -79.61, 71.49, 0
-109.21, -82.86, 72.42, 0
-105.96, -86.11, 71.97, 0
-102.94, -89.36, 71.78, 0
-104.32, -91.61, 72.16, 0
-107.57, -91.55, 72.48, 0
-110.83, -90.96, 72.44, 0
-114.08, -90.52, 71.82, 0
-117.33, -90.98, 70.34, 0
-120.01, -92.29, 68.51, 0
-120.51, -94.32, 66.29, 0
-119.32, -97.56, 64.24, 0
-117.65, -100.81, 62.46, 0
-115.73, -104.07, 60.92, 0
-113.62, -107.32, 59.83, 0
-112.44, -110.57, 59.37, 0
-111.99, -113.14, 59.37, 0
-111.00, -115.29, 59.55, 0
-107.75, -117.92, 58.83, 0
-107.99, -117.92, 59.27, 0
-105.68, -117.48, 60.53, 0
-102.43, -115.85, 62.18, 0
-99.17, -113.81, 64.05, 0
-100.79, -110.56, 66.66, 0
-104.04, -107.31, 69.12, 0
-100.79, -104.06, 67.35, 0
-102.94, -105.62, 69.98, 0
-102.80, -108.88, 71.49, 0
-99.55, -112.13, 69.42, 0
-96.29, -115.38, 67.06, 0
-93.04, -118.63, 65.92, 0
-90.39, -121.88, 64.73, 0
-88.45, -123.94, 62.82, 0
-87.89, -124.08, 60.25, 0
-86.95, -120.83, 57.01, 0
-90.20, -117.58, 54.81, 0
-93.45, -114.33, 52.75, 0
-96.70, -111.08, 53.28, 0
-98.31, -111.75, 54.83, 0
-97.34, -115.00, 57.89, 0
-97.83, -118.25, 60.86, 0
-98.58, -121.50, 62.46, 0
-98.90, -124.75, 62.35, 0
-102.08, -128.01, 62.05, 0
-102.22, -131.26, 63.04, 0
-102.75, -132.64, 65.46, 0
-105.14, -133.06, 67.63, 0
-107.66, -134.69, 69.43, 0
-108.35, -137.94, 70.63, 0
-107.61, -141.19, 71.22, 0
-106.32, -144.44, 71.98, 0
-105.09, -147.70, 73.02, 0
-104.17, -150.95, 73.59, 0
-103.47, -152.06, 73.22, 0
-103.53, -152.57, 72.71, 0
-103.16, -154.91, 73.79, 0
-103.99, -156.95, 77.04, 0
-103.82, -160.20, 80.29, 0
-102.51, -163.45, 82.89, 0
-101.78, -166.50, 84.55, 0
-101.52, -167.81, 86.61, 0
-101.35, -167.72, 88.52, 0
-101.75, -165.99, 90.83, 0
-102.27, -164.26, 93.79, 0
-102.67, -163.09, 96.28, 0
-103.17, -162.27, 98.32, 0
-103.77, -161.35, 100.49, 0
-104.49, -160.00, 103.23, 0
-104.54, -158.53, 105.83, 0
-104.18, -156.52, 108.15, 0
-103.64, -154.07, 110.65, 0
-102.81, -151.29, 112.56, 0
-101.32, -148.47, 113.19, 0
-99.15, -145.70, 112.91, 0
-96.95, -142.62, 112.51, 0
-95.04, -139.37, 112.16, 0
-93.49, -136.12, 111.67, 0
-92.33, -132.86, 111.18, 0
-91.39, -129.61, 111.34, 0
-90.58, -126.36, 112.50, 0
-89.14, -123.53, 113.87, 0
-86.99, -120.55, 115.00, 0
-84.77, -117.30, 116.38, 0
-82.48, -114.05, 117.72, 0
-80.63, -110.80, 118.94, 0
-78.77, -107.55, 119.74, 0
-78.20, -105.05, 120.18, 0
-78.12, -104.62, 119.43, 0
-77.79, -104.93, 117.83, 0
-77.90, -104.83, 116.40, 0
-78.10, -104.56, 115.20, 0
-77.69, -104.27, 113.79, 0
-76.94, -103.45, 112.43, 0
-76.20, -102.12, 111.36, 0
-75.29, -100.97, 110.31, 0
-74.23, -100.48, 109.22, 0
-73.43, -100.53, 108.28, 0
-72.84, -100.94, 107.39, 0
-72.31, -101.60, 106.38, 0
-71.59, -102.42, 105.03, 0
-70.95, -103.62, 102.99, 0
-70.06, -105.13, 100.74, 0
-68.75, -106.68, 98.60, 0
-67.14, -107.88, 96.33, 0
-66.20, -108.46, 94.23, 0
-66.39, -108.35, 92.65, 0
-67.10, -107.74, 91.48, 0
-67.72, -107.23, 90.45, 0
-67.87, -107.09, 89.03, 0
-67.60, -107.09, 87.23, 0
-67.18, -106.93, 85.54, 0
-66.76, -106.49, 84.01, 0
-66.43, -105.51, 82.46, 0
-65.75, -103.97, 80.62, 0
-64.41, -101.99, 78.58, 0
-63.18, -99.61, 76.74, 0
-62.87, -96.97, 74.96, 0
-62.64, -94.71, 72.37, 0
-60.52, -93.52, 69.12, 0
-57.27, -93.50, 65.87, 0
-54.02, -93.51, 62.62, 0
-50.77, -91.45, 59.36, 0
-50.16, -88.20, 56.69, 0
-53.41, -84.95, 57.27, 0
-56.66, -81.69, 57.70, 0
-59.37, -78.44, 58.22, 0
-59.46, -75.19, 59.23, 0
-57.59, -71.94, 59.42, 0
-56.58, -68.69, 58.91, 0
-56.01, -65.67, 57.58, 0
-56.19, -63.78, 55.89, 0
-56.76, -63.71, 54.43, 0
-53.89, -65.70, 52.60, 0
-50.64, -68.96, 50.65, 0
-47.39, -72.21, 48.98, 0
-44.59, -75.46, 47.28, 0
-42.32, -78.41, 45.71, 0
-40.11, -80.98, 44.28, 0
-37.90, -83.05, 42.92, 0
-36.49, -84.38, 41.63, 0
-36.62, -84.86, 40.62, 0
-38.19, -84.55, 39.73, 0
-40.60, -83.82, 38.75, 0
-42.65, -83.49, 37.46, 0
-43.14, -84.20, 36.20, 0
-40.43, -86.65, 35.96, 0
-37.18, -89.90, 35.49, 0
-35.19, -92.02, 35.28, 0
-35.06, -93.25, 35.24, 0
-33.90, -94.38, 35.23, 0
-31.15, -95.53, 35.43, 0
-28.33, -96.59, 35.39, 0
-25.99, -96.73, 35.52, 0
-25.03, -95.89, 35.46, 0
-25.60, -93.70, 34.95, 0
-27.53, -90.83, 34.52, 0
-29.39, -87.74, 34.10, 0
-30.62, -84.67, 33.55, 0
-31.43, -81.73, 32.70, 0
-33.08, -78.47, 31.52, 0
-36.08, -75.22, 30.71, 0
-38.72, -72.01, 30.93, 0
-40.98, -68.76, 31.27, 0
-43.99, -65.51, 32.23, 0
-45.65, -62.26, 33.42, 0
-47.11, -59.70, 35.16, 0
-48.95, -58.27, 37.31, 0
-50.83, -57.88, 39.20, 0
-53.66, -58.06, 40.65, 0
-56.38, -58.71, 41.25, 0
-59.32, -59.12, 40.68, 0
-62.57, -58.57, 38.26, 0
-65.45, -57.96, 35.01, 0
-68.61, -57.77, 31.76, 0
-71.87, -57.37, 28.51, 0
-75.12, -57.59, 25.42, 0
-74.28, -59.73, 22.92, 0
-74.15, -61.82, 21.21, 0
-74.97, -63.66, 20.47, 0
-74.41, -65.31, 20.66, 0
-73.03, -66.28, 21.76, 0
-72.95, -66.02, 23.89, 0
-73.29, -64.66, 26.10, 0
-75.12, -62.71, 28.68, 0
-77.10, -61.06, 30.98, 0
-76.08, -62.01, 33.63, 0
-73.68, -64.69, 35.42, 0
-70.43, -67.94, 37.96, 0
-68.32, -71.19, 39.23, 0
-71.01, -74.44, 39.33, 0
-72.09, -77.69, 37.85, 0
-75.34, -80.94, 37.23, 0
-78.59, -80.18, 36.72, 0
-77.62, -77.90, 35.68, 0
-74.37, -77.18, 34.55, 0
-71.12, -74.78, 33.50, 0
-67.87, -71.53, 32.54, 0
-64.62, -69.73, 30.90, 0
-62.77, -69.30, 30.51, 0
-65.93, -70.10, 29.87, 0
-69.18, -71.37, 28.86, 0
-72.43, -72.38, 27.73, 0
-73.90, -72.33, 26.75, 0
-73.28, -71.35, 26.14, 0
-71.59, -69.82, 25.86, 0
-69.79, -68.58, 25.85, 0
-69.05, -68.17, 26.52, 0
-68.79, -68.52, 27.84, 0
-68.45, -68.34, 28.64, 0
-68.47, -67.76, 28.93, 0
-69.01, -67.43, 29.08, 0
-70.64, -67.64, 29.52, 0
-73.30, -68.22, 30.02, 0
-76.31, -68.94, 30.42, 0
-78.81, -69.60, 30.76, 0
-80.24, -70.17, 31.20, 0
-80.38, -70.64, 31.79, 0
-79.53, -71.08, 32.55, 0
-78.30, -71.44, 33.28, 0
-77.40, -71.62, 33.72, 0
-77.16, -71.51, 33.84, 0
-77.11, -71.46, 33.85, 0
-77.07, -71.48, 33.82, 0
-77.19, -71.58, 33.76, 0
-77.75, -71.82, 33.70, 0
-78.73, -72.10, 33.63, 0
-79.74, -72.32, 33.50, 0
-80.38, -72.32, 33.28, 0
-80.57, -72.14, 33.17, 0
-80.33, -71.85, 33.19, 0
-79.82, -71.52, 33.26, 0
-79.22, -71.35, 33.44, 0
-78.82, -71.49, 33.83, 0
-78.61, -71.71, 34.38, 0
-78.26, -72.18, 35.05, 0
-77.93, -72.74, 35.90, 0
-77.24, -73.08, 36.62, 0
-76.01, -73.26, 37.23, 0
-74.48, -73.39, 37.90, 0
-72.69, -73.56, 38.64, 0
-70.55, -73.99, 39.45, 0
-68.24, -74.56, 40.03, 0
-66.40, -75.30, 40.12, 0
-65.32, -75.92, 39.70, 0
-64.15, -76.66, 38.99, 0
-62.78, -77.24, 38.33, 0
-60.98, -77.74, 37.79, 0
-59.17, -77.98, 37.27, 0
-57.72, -77.98, 36.69, 0
-57.21, -77.81, 36.20, 0
-58.14, -76.85, 35.51, 0
-59.47, -75.01, 34.36, 0
-59.97, -72.73, 32.98, 0
-59.23, -70.77, 31.39, 0
-57.18, -69.18, 29.24, 0
-55.37, -68.41, 28.93, 0
-52.54, -68.07, 27.28, 0
-51.51, -67.28, 25.41, 0
-51.16, -66.36, 23.84, 0
-49.74, -65.67, 22.59, 0
-47.40, -65.04, 21.80, 0
-45.23, -63.92, 21.53, 0
-43.99, -62.08, 21.88, 0
-43.74, -59.52, 23.08, 0
-43.99, -57.10, 25.11, 0
-43.58, -55.65, 27.59, 0
-42.31, -55.47, 30.03, 0
-41.22, -56.44, 31.99, 0
-41.17, -58.25, 33.55, 0
-41.89, -60.87, 34.15, 0
-43.69, -64.12, 34.18, 0
-45.67, -67.37, 33.71, 0
-46.97, -70.63, 32.90, 0
-47.37, -73.88, 31.89, 0
-47.14, -77.13, 31.36, 0
-47.48, -80.15, 31.58, 0
-49.40, -82.18, 32.06, 0
-52.52, -83.67, 32.86, 0
-55.10, -84.82, 33.97, 0
-56.19, -85.80, 35.59, 0
-55.43, -86.42, 37.81, 0
-53.05, -86.28, 40.39, 0
-49.80, -84.88, 42.97, 0
-46.55, -81.79, 45.22, 0
-43.87, -78.54, 48.22, 0
-47.12, -75.29, 51.48, 0
-49.90, -72.03, 53.78, 0
-51.32, -68.78, 53.68, 0
-53.09, -65.53, 52.46, 0
-51.82, -62.65, 50.33, 0
-49.05, -63.05, 47.08, 0
-48.37, -64.84, 43.82, 0
-50.38, -67.16, 40.57, 0
-53.54, -70.10, 37.32, 0
-55.74, -73.35, 34.07, 0
-56.36, -76.60, 30.82, 0
-55.31, -79.85, 28.63, 0
-53.26, -83.10, 28.12, 0
-51.81, -86.15, 28.98, 0
-51.82, -88.20, 30.84, 0
-52.66, -89.52, 33.62, 0
-53.12, -90.42, 36.87, 0
-52.33, -89.91, 40.12, 0
-52.12, -88.92, 43.37, 0
-52.96, -87.45, 46.62, 0
-54.42, -86.02, 49.87, 0
-55.55, -84.86, 53.13, 0
-56.56, -83.87, 56.38, 0
-57.57, -82.95, 59.63, 0
-59.22, -81.95, 62.19, 0
-61.53, -81.01, 64.09, 0
-63.71, -80.42, 65.17, 0
-65.92, -80.24, 65.58, 0
-68.57, -80.53, 65.44, 0
-71.09, -81.53, 64.99, 0
-72.51, -83.33, 64.54, 0
-72.57, -85.78, 64.42, 0
-71.21, -87.92, 64.90, 0
-69.84, -89.16, 66.06, 0
-69.53, -89.70, 67.57, 0
-69.67, -89.63, 69.23, 0
-69.31, -88.68, 70.97, 0
-68.21, -85.51, 73.24, 0
-68.78, -82.26, 76.32, 0
-71.27, -79.01, 79.53, 0
-73.28, -75.76, 82.78, 0
-72.17, -72.50, 84.34, 0
-72.27, -69.25, 84.18, 0
-72.34, -66.00, 82.24, 0
-70.31, -65.11, 79.09, 0
-67.55, -67.10, 75.83, 0
-65.07, -70.35, 72.58, 0
-64.36, -73.60, 69.33, 0
-65.27, -76.85, 66.08, 0
-67.19, -80.10, 62.83, 0
-67.89, -83.35, 59.58, 0
-66.13, -86.61, 56.32, 0
-63.39, -89.86, 53.07, 0
-62.39, -92.49, 50.44, 0
-64.03, -94.62, 48.52, 0
-66.55, -96.61, 47.30, 0
-67.94, -98.85, 46.93, 0
-67.67, -101.39, 47.60, 0
-66.18, -103.86, 49.47, 0
-64.04, -105.70, 52.59, 0
-61.31, -106.41, 55.84, 0
-58.06, -105.59, 59.09, 0
-54.84, -103.25, 62.34, 0
-51.80, -100.00, 65.59, 0
-48.55, -96.75, 68.85, 0
-48.76, -93.50, 72.10, 0
-47.42, -90.25, 75.35, 0
-44.17, -87.00, 78.60, 0
-40.92, -83.74, 81.25, 0
-40.71, -80.49, 81.40, 0
-42.38, -80.72, 78.73, 0
-44.44, -83.53, 75.48, 0
-47.69, -86.78, 72.23, 0
-50.94, -90.03, 68.98, 0
-54.19, -93.28, 65.73, 0
-52.25, -96.54, 62.47, 0
-49.00, -99.79, 59.22, 0
-45.75, -103.04, 56.26, 0
-43.23, -106.29, 54.39, 0
-44.22, -107.48, 53.28, 0
-46.52, -107.57, 52.36, 0
-47.99, -107.66, 51.66, 0
-47.47, -107.98, 51.15, 0
-45.65, -108.03, 50.93, 0
-44.05, -107.17, 51.05, 0
-43.43, -105.14, 51.57, 0
-43.45, -101.96, 52.64, 0
-43.09, -98.71, 54.97, 0
-43.71, -95.46, 58.08, 0
-43.61, -92.21, 61.33, 0
-42.25, -88.96, 64.37, 0
-40.60, -85.71, 66.57, 0
-39.84, -82.45, 68.02, 0
-39.71, -80.46, 68.36, 0
-39.76, -80.26, 67.76, 0
-40.56, -81.66, 66.30, 0
-41.97, -84.24, 64.18, 0
-43.50, -87.49, 61.64, 0
-44.84, -90.74, 59.08, 0
-45.63, -93.99, 56.86, 0
-45.80, -97.25, 55.23, 0
-44.85, -100.50, 54.15, 0
-43.25, -103.75, 53.72, 0
-41.76, -106.11, 53.81, 0
-40.86, -107.29, 54.10, 0
-41.02, -107.41, 54.82, 0
-41.25, -106.88, 55.74, 0
-41.17, -106.15, 56.87, 0
-40.38, -105.49, 58.06, 0
-39.36, -104.92, 59.06, 0
-38.98, -104.51, 59.97, 0
-38.78, -104.42, 60.46, 0
-38.74, -104.79, 60.55, 0
-38.53, -105.82, 60.42, 0
-37.69, -107.41, 59.99, 0
-36.96, -109.29, 59.35, 0
-36.47, -111.23, 58.58, 0
-35.87, -113.04, 57.47, 0
-35.78, -114.64, 56.61, 0
-34.95, -116.06, 55.69, 0
-33.49, -117.27, 54.89, 0
-34.36, -118.34, 54.97, 0
-37.61, -115.27, 58.22, 0
-40.86, -114.63, 57.55, 0
-43.91, -117.89, 56.03, 0
-40.66, -121.14, 55.44, 0
-37.41, -124.39, 57.09, 0
-34.56, -127.64, 59.64, 0
-32.19, -130.22, 60.81, 0
-29.89, -132.50, 62.41, 0
-26.87, -133.83, 62.66, 0
-24.85, -133.53, 62.17, 0
-24.27, -131.36, 61.39, 0
-24.33, -128.11, 59.93, 0
-24.57, -124.86, 58.01, 0
-21.31, -124.06, 54.76, 0
-18.06, -123.19, 51.50, 0
-21.32, -119.94, 49.75, 0
-24.57, -116.69, 46.94, 0
-27.82, -113.44, 44.08, 0
-25.57, -110.19, 41.77, 0
-22.32, -107.11, 38.52, 0
-19.07, -105.28, 35.27, 0
-16.31, -103.80, 32.02, 0
-15.51, -102.83, 28.77, 0
-14.22, -102.92, 25.51, 0
-12.21, -104.21, 22.26, 0
-10.18, -105.92, 19.01, 0
-8.73, -106.44, 17.35, 0
-5.89, -107.56, 14.18, 0
-3.89, -108.14, 14.32, 0
-1.28, -108.67, 14.54, 0
-0.74, -108.40, 15.34, 0
-1.63, -107.50, 16.11, 0
-2.88, -106.66, 17.20, 0
-3.18, -106.45, 18.48, 0
-2.58, -106.79, 19.91, 0
-2.27, -107.34, 21.24, 0
-3.02, -107.86, 22.46, 0
-4.25, -108.58, 23.53, 0
-5.44, -109.60, 24.60, 0
-6.06, -111.10, 25.74, 0
-6.07, -113.00, 27.07, 0
-5.79, -115.08, 28.50, 0
-5.53, -117.25, 30.23, 0
-4.74, -119.52, 32.02, 0
-3.31, -121.89, 33.84, 0
-1.47, -124.28, 35.65, 0
0.49, -126.61, 37.41, 0
2.32, -128.71, 39.03, 0
3.93, -130.55, 40.33, 0
4.90, -131.99, 41.60, 0
5.36, -132.66, 43.12, 0
5.99, -132.92, 43.62, 0
5.94, -132.94, 43.21, 0
5.28, -132.36, 41.92, 0
3.58, -131.35, 39.59, 0
0.57, -129.79, 37.01, 0
-1.12, -128.50, 34.75, 0
0.72, -127.11, 31.72, 0
1.49, -125.15, 29.12, 0
1.24, -122.21, 26.58, 0
0.54, -118.96, 23.97, 0
-0.55, -115.71, 21.99, 0
-1.28, -112.46, 20.54, 0
-1.67, -109.21, 19.60, 0
-2.13, -105.96, 19.42, 0
-2.27, -102.70, 19.82, 0
-1.73, -99.45, 20.58, 0
-0.57, -96.20, 21.54, 0
0.41, -94.22, 22.28, 0
0.27, -93.81, 22.83, 0
-0.71, -95.02, 23.01, 0
-1.67, -98.00, 22.87, 0
-2.26, -101.25, 22.52, 0
-2.74, -104.50, 22.24, 0
-2.90, -107.75, 21.58, 0
-4.21, -111.01, 21.35, 0
-4.73, -114.26, 21.98, 0
-4.03, -117.51, 23.77, 0
-3.08, -120.76, 26.01, 0
-2.74, -124.01, 28.56, 0
-2.31, -127.26, 31.33, 0
-1.15, -130.52, 34.11, 0
0.49, -133.75, 37.01, 0
2.16, -136.43, 40.02, 0
3.81, -138.62, 42.91, 0
5.53, -140.42, 45.48, 0
7.33, -141.81, 47.68, 0
9.39, -142.58, 49.31, 0
11.58, -142.53, 50.18, 0
13.30, -141.52, 50.16, 0
14.26, -139.49, 49.29, 0
14.28, -136.58, 47.66, 0
13.68, -133.33, 45.39, 0
13.23, -130.07, 42.62, 0
13.70, -126.82, 39.37, 0
16.95, -123.57, 36.11, 0
20.20, -121.33, 32.86, 0
16.95, -118.08, 29.61, 0
13.70, -114.83, 26.36, 0
10.45, -111.58, 23.11, 0
13.70, -108.32, 19.86, 0
16.95, -108.58, 16.60, 0
20.20, -109.64, 13.35, 0
20.03, -109.54, 10.10, 0
17.71, -108.95, 6.85, 0
18.21, -109.15, 3.60, 0
21.17, -110.54, 0.34, 0
24.21, -112.09, -2.91, 0
24.41, -112.10, -5.91, 0
21.16, -112.44, -5.95, 0
19.81, -114.12, -4.53, 0
22.65, -117.21, -1.83, 0
25.48, -120.46, 1.42, 0
26.90, -123.71, 4.67, 0
28.58, -126.97, 7.92, 0
31.83, -130.22, 11.18, 0
35.08, -133.47, 14.43, 0
38.33, -136.72, 17.68, 0
41.38, -139.95, 20.93, 0
44.13, -142.38, 24.18, 0
46.94, -144.26, 27.43, 0
50.19, -145.79, 30.69, 0
53.44, -146.86, 33.94, 0
56.69, -147.28, 37.19, 0
57.79, -144.03, 40.44, 0
54.54, -144.98, 43.69, 0
57.79, -148.03, 45.66, 0
61.04, -151.04, 47.56, 0
64.29, -153.13, 48.77, 0
65.02, -153.37, 48.81, 0
64.11, -152.85, 47.83, 0
63.93, -152.85, 45.50, 0
65.96, -153.63, 42.25, 0
68.62, -155.07, 39.00, 0
70.39, -156.66, 35.74, 0
73.64, -159.91, 32.49, 0
76.89, -163.17, 30.25, 0
78.36, -163.70, 33.50, 0
75.11, -160.56, 36.43, 0
71.86, -157.31, 34.56, 0
68.60, -155.75, 31.31, 0
67.14, -158.29, 28.05, 0
69.62, -161.54, 24.80, 0
71.58, -163.15, 21.55, 0
69.23, -163.10, 18.30, 0
65.98, -162.14, 15.05, 0
62.72, -160.88, 11.80, 0
60.89, -160.04, 8.54, 0
60.69, -159.73, 5.29, 0
60.57, -159.60, 2.04, 0
59.66, -159.37, -1.21, 0
58.19, -159.02, -4.46, 0
56.95, -158.70, -7.72, 0
56.48, -158.58, -10.73, 0
56.57, -158.70, -12.67, 0
56.88, -158.90, -13.36, 0
57.24, -159.04, -12.83, 0
57.59, -159.17, -11.11, 0
58.02, -159.39, -8.31, 0
58.63, -159.75, -5.06, 0
59.50, -160.23, -1.81, 0
60.66, -160.79, 1.45, 0
62.17, -161.37, 4.70, 0
63.91, -161.91, 7.95, 0
66.02, -162.31, 11.20, 0
68.89, -162.50, 14.45, 0
72.14, -162.48, 17.70, 0
75.39, -162.18, 20.96, 0
78.64, -161.54, 24.21, 0
81.89, -160.56, 27.46, 0
85.14, -159.24, 29.99, 0
88.40, -157.80, 31.43, 0
90.74, -156.31, 31.90, 0
92.64, -154.72, 31.62, 0
94.37, -152.98, 30.74, 0
95.52, -151.28, 29.28, 0
95.45, -149.80, 27.14, 0
94.53, -148.40, 24.32, 0
93.08, -147.06, 21.07, 0
91.08, -145.97, 17.82, 0
88.71, -145.15, 14.57, 0
86.20, -144.57, 11.32, 0
83.71, -144.26, 8.07, 0
81.40, -144.35, 4.81, 0
79.47, -144.93, 1.56, 0
78.16, -146.03, -1.69, 0
77.40, -147.65, -4.94, 0
77.32, -149.64, -8.19, 0
77.92, -151.89, -11.45, 0
78.80, -154.25, -14.70, 0
79.72, -156.59, -17.95, 0
80.67, -158.83, -21.20, 0
81.58, -161.12, -24.23, 0
82.48, -163.52, -26.30, 0
83.46, -166.00, -27.19, 0
84.57, -168.59, -26.93, 0
85.69, -171.33, -25.44, 0
86.83, -174.13, -22.68, 0
88.17, -176.85, -19.43, 0
89.70, -179.40, -16.18, 0
91.21, -181.81, -12.92, 0
92.68, -184.02, -9.67, 0
94.16, -185.98, -6.42, 0
95.69, -187.68, -3.17, 0
97.23, -189.15, 0.08, 0
98.86, -190.25, 3.33, 0
100.61, -190.89, 6.59, 0
102.44, -191.08, 9.84, 0
104.41, -190.77, 13.09, 0
106.63, -189.94, 16.34, 0
109.10, -188.42, 19.59, 0
111.66, -186.18, 22.67, 0
114.10, -183.28, 24.46, 0
116.35, -180.03, 24.74, 0
118.28, -176.77, 23.60, 0
119.68, -173.52, 21.14, 0
120.41, -170.27, 17.88, 0
120.50, -167.02, 14.63, 0
119.63, -163.77, 11.38, 0
117.97, -160.52, 8.13, 0
116.13, -157.26, 4.88, 0
114.45, -154.01, 1.62, 0
112.70, -150.76, -1.63, 0
111.82, -147.51, -4.88, 0
108.56, -144.26, -8.13, 0
105.31, -141.01, -11.38, 0
102.06, -137.75, -14.63, 0
101.35, -135.81, -17.89, 0
101.67, -136.87, -21.14, 0
101.74, -140.12, -24.39, 0
101.85, -143.37, -27.46, 0
102.65, -146.63, -29.89, 0
104.46, -149.88, -31.32, 0
107.46, -153.13, -31.65, 0
109.97, -156.38, -30.69, 0
111.11, -159.63, -28.63, 0
112.32, -162.88, -25.83, 0
114.62, -166.14, -22.69, 0
117.10, -169.39, -19.43, 0
118.43, -172.64, -16.18, 0
118.68, -175.89, -12.93, 0
118.58, -178.48, -9.68, 0
118.47, -180.57, -6.43, 0
118.40, -182.29, -3.18, 0
118.36, -183.62, 0.08, 0
118.25, -184.56, 3.33, 0
118.01, -185.18, 6.58, 0
117.80, -185.53, 9.83, 0
117.84, -185.56, 13.08, 0
118.16, -185.16, 16.31, 0
118.73, -184.16, 19.13, 0
119.34, -182.49, 21.49, 0
119.77, -180.19, 23.43, 0
120.07, -177.35, 24.97, 0
120.40, -174.10, 26.06, 0
120.78, -170.85, 26.63, 0
121.15, -167.59, 26.67, 0
121.38, -164.34, 26.26, 0
121.73, -161.09, 25.43, 0
122.01, -157.84, 24.27, 0
119.16, -154.59, 23.25, 0
115.90, -151.34, 22.42, 0
112.65, -148.08, 25.29, 0
109.40, -146.22, 28.54, 0
107.99, -148.17, 30.71, 0
111.25, -151.43, 32.49, 0
114.50, -154.68, 34.85, 0
117.75, -157.93, 36.29, 0
115.01, -161.18, 36.04, 0
111.76, -164.43, 35.21, 0
108.50, -167.69, 33.85, 0
109.56, -170.24, 32.13, 0
110.83, -172.14, 30.11, 0
109.24, -173.91, 29.32, 0
106.07, -175.31, 30.28, 0
102.82, -175.03, 31.89, 0
99.57, -173.95, 33.24, 0
96.31, -173.26, 34.33, 0
93.06, -172.66, 35.20, 0
89.81, -171.75, 36.05, 0
86.56, -170.81, 36.95, 0
84.09, -171.11, 37.50, 0
84.44, -173.71, 37.79, 0
86.25, -176.92, 37.86, 0
88.13, -179.75, 37.99, 0
89.80, -182.59, 38.02, 0
91.02, -185.32, 38.12, 0
91.21, -187.49, 38.44, 0
89.04, -188.75, 39.23, 0
85.79, -189.10, 40.18, 0
84.31, -190.47, 40.61, 0
84.68, -192.79, 40.83, 0
84.26, -195.72, 40.96, 0
83.28, -197.55, 41.60, 0
82.47, -198.17, 42.27, 0
81.97, -198.70, 42.77, 0
82.02, -199.85, 43.06, 0
83.13, -201.91, 43.01, 0
84.47, -203.79, 42.96, 0
85.78, -204.40, 43.23, 0
86.59, -203.78, 43.91, 0
85.90, -202.91, 44.70, 0
83.24, -201.68, 45.30, 0
80.60, -199.54, 46.04, 0
78.09, -197.81, 46.50, 0
76.56, -197.41, 46.41, 0
76.69, -197.77, 46.12, 0
77.43, -198.43, 45.53, 0
78.24, -199.21, 44.71, 0
78.99, -199.96, 43.96, 0
79.51, -200.52, 43.35, 0
79.32, -200.72, 42.87, 0
78.06, -200.27, 42.49, 0
77.22, -199.64, 41.81, 0
77.59, -199.97, 40.76, 0
79.62, -201.64, 39.35, 0
81.47, -204.05, 38.11, 0
80.97, -204.84, 37.58, 0
80.07, -203.75, 37.48, 0
79.06, -202.93, 37.30, 0
78.28, -202.95, 37.06, 0
77.52, -203.04, 36.74, 0
76.22, -202.85, 36.46, 0
75.16, -202.89, 36.16, 0
74.39, -203.48, 35.73, 0
73.52, -204.38, 35.03, 0
72.83, -205.23, 34.35, 0
72.43, -206.35, 33.80, 0
72.23, -208.00, 33.49, 0
71.71, -208.91, 33.49, 0
70.90, -209.45, 33.85, 0
69.79, -209.98, 34.42, 0
68.51, -210.34, 35.39, 0
67.34, -210.56, 36.79, 0
65.87, -210.95, 38.15, 0
64.31, -211.75, 39.12, 0
62.90, -212.75, 39.80, 0
61.43, -213.71, 40.60, 0
59.88, -214.26, 41.68, 0
58.28, -214.46, 42.86, 0
56.74, -214.75, 43.94, 0
55.37, -215.23, 44.97, 0
54.24, -215.47, 46.19, 0
53.34, -215.61, 47.37, 0
52.76, -215.96, 48.58, 0
52.37, -216.54, 49.94, 0
52.15, -217.28, 51.17, 0
51.94, -217.99, 52.12, 0
51.55, -218.56, 53.10, 0
50.98, -219.28, 53.78, 0
50.32, -220.12, 54.24, 0
49.82, -220.87, 54.79, 0
49.52, -221.31, 55.74, 0
49.26, -221.58, 56.96, 0
48.99, -221.99, 58.10, 0
48.78, -222.35, 59.06, 0
48.23, -222.71, 59.73, 0
47.37, -223.35, 60.16, 0
46.46, -224.07, 60.37, 0
45.56, -224.86, 60.51, 0
44.71, -225.69, 60.72, 0
43.92, -226.38, 61.13, 0
42.94, -226.96, 61.88, 0
41.70, -227.57, 62.99, 0
40.32, -228.24, 63.99, 0
39.07, -228.88, 64.66, 0
37.89, -229.28, 65.44, 0
36.47, -229.53, 66.29, 0
34.77, -229.77, 66.90, 0
33.05, -230.04, 67.42, 0
31.58, -230.26, 67.87, 0
30.28, -230.38, 68.35, 0
29.01, -230.31, 68.99, 0
27.50, -230.16, 69.75, 0
25.85, -230.06, 70.56, 0
24.09, -229.92, 71.61, 0
22.27, -229.69, 72.85, 0
20.33, -229.55, 74.11, 0
18.29, -229.76, 75.18, 0
16.33, -230.13, 76.34, 0
14.54, -230.43, 77.66, 0
12.88, -230.70, 79.13, 0
11.27, -231.04, 80.65, 0
9.69, -231.51, 82.02, 0
7.79, -232.22, 83.43, 0
4.99, -233.52, 84.96, 0
1.74, -235.45, 86.42, 0
-1.52, -237.61, 87.36, 0
-4.77, -239.74, 87.75, 0
-8.02, -241.42, 87.67, 0
-10.84, -242.69, 87.38, 0
-12.98, -243.53, 86.89, 0
-14.71, -244.18, 86.48, 0
-16.10, -244.63, 86.27, 0
-16.98, -244.99, 86.31, 0
-17.17, -245.29, 86.79, 0
-16.70, -245.63, 87.58, 0
-15.68, -246.06, 88.61, 0
-14.17, -246.49, 89.87, 0
-12.26, -246.55, 90.97, 0
-10.18, -245.79, 91.68, 0
-7.91, -244.48, 92.18, 0
-5.53, -242.95, 92.53, 0
-3.70, -241.64, 93.10, 0
-2.68, -240.71, 93.69, 0
-2.17, -240.16, 94.12, 0
-2.10, -239.97, 94.37, 0
-2.41, -239.95, 94.50, 0
-2.83, -240.03, 94.66, 0
-2.94, -240.04, 94.91, 0
-2.95, -240.09, 95.17, 0
-2.99, -240.16, 95.37, 0
-3.07, -240.17, 95.53, 0
-3.22, -240.22, 95.65, 0
-3.56, -240.29, 95.84, 0
-3.89, -240.44, 96.17, 0
-4.08, -240.55, 96.48, 0
-4.07, -240.54, 96.64, 0
-3.93, -240.42, 96.69, 0
-3.79, -240.31, 96.70, 0
-3.78, -240.36, 96.77, 0
-3.93, -240.59, 96.87, 0
-4.08, -240.80, 96.90, 0
-4.09, -240.89, 96.91, 0
-3.96, -240.92, 96.93, 0
-3.80, -240.94, 97.05, 0
-3.68, -241.00, 97.17, 0
-3.60, -241.01, 97.14, 0
-3.62, -240.98, 97.07, 0
-3.70, -241.03, 96.99, 0
-3.72, -241.18, 96.95, 0
-3.68, -241.52, 97.01, 0
-3.55, -241.78, 96.97, 0
-3.51, -241.94, 96.83, 0
-3.53, -242.04, 96.71, 0
-3.55, -242.11, 96.65, 0
-3.55, -242.18, 96.60, 0
-3.47, -242.22, 96.42, 0
-3.38, -242.17, 96.16, 0
-3.45, -242.14, 95.97, 0
-3.63, -242.15, 95.81, 0
-3.83, -242.16, 95.65, 0
-3.89, -242.13, 95.55, 0
-3.77, -242.02, 95.48, 0
-3.52, -241.85, 95.42, 0
-3.24, -241.65, 95.38, 0
-3.10, -241.49, 95.38, 0
-3.06, -241.40, 95.43, 0
-3.05, -241.35, 95.44, 0
-3.05, -241.32, 95.46, 0
-3.02, -241.57, 95.80, 0
-2.91, -241.93, 95.96, 0
-2.78, -242.10, 96.11, 0
-2.69, -242.23, 96.24, 0
-2.62, -242.34, 96.35, 0
-2.56, -242.54, 96.24, 0
-2.47, -242.62, 95.99, 0
-2.38, -242.60, 95.81, 0
-2.35, -242.51, 95.76, 0
-2.38, -242.35, 95.79, 0
-2.46, -242.18, 95.97, 0
-2.53, -242.02, 96.15, 0
-2.58, -241.88, 96.31, 0
-2.70, -241.76, 96.45, 0
-2.84, -241.65, 96.58, 0
-2.93, -241.58, 96.70, 0
-3.02, -241.52, 96.82, 0
-3.18, -241.48, 96.92, 0
-3.36, -241.46, 97.09, 0
-3.44, -241.43, 97.30, 0
-3.38, -241.35, 97.49, 0
-3.30, -241.22, 97.61, 0
-3.25, -241.03, 97.75, 0
-3.22, -240.82, 98.08, 0
-3.20, -240.65, 98.66, 0
-3.15, -240.48, 99.38, 0
-2.97, -240.25, 100.05, 0
-2.67, -240.01, 100.55, 0
-2.24, -239.79, 100.80, 0
-1.81, -239.63, 100.96, 0
-1.49, -239.62, 101.16, 0
-1.27, -239.70, 101.34, 0
-1.01, -239.77, 101.45, 0
-0.83, -239.87, 101.46, 0
-0.65, -240.01, 101.44, 0
-0.37, -240.16, 101.38, 0
0.04, -240.29, 101.22, 0
0.49, -240.30, 100.88, 0
0.84, -240.31, 100.48, 0
1.11, -240.29, 100.14, 0
1.33, -240.28, 99.85, 0
1.50, -240.33, 99.59, 0
1.48, -240.40, 99.34, 0
1.36, -240.43, 99.11, 0
1.31, -240.43, 98.89, 0
1.39, -240.40, 98.56, 0
1.57, -240.40, 98.20, 0
1.78, -240.27, 97.86, 0
2.02, -240.19, 97.83, 0
2.16, -239.93, 97.86, 0
2.26, -239.74, 98.12, 0
2.31, -239.63, 98.48, 0
2.27, -239.53, 98.88, 0
2.31, -239.38, 99.14, 0
2.52, -239.15, 99.17, 0
2.77, -238.92, 98.98, 0
2.97, -238.73, 98.61, 0
3.15, -238.58, 98.17, 0
3.35, -238.49, 97.76, 0
3.61, -238.51, 97.40, 0
3.87, -238.66, 97.07, 0
4.04, -238.94, 96.84, 0
4.12, -239.29, 96.81, 0
3.86, -239.76, 97.07, 0
3.33, -240.21, 97.44, 0
2.72, -240.56, 97.76, 0
2.21, -240.78, 97.90, 0
2.05, -240.80, 97.86, 0
2.15, -240.73, 97.88, 0
2.32, -240.68, 98.08, 0
2.27, -240.79, 98.45, 0
2.01, -240.98, 98.80, 0
1.48, -241.24, 99.02, 0
1.03, -241.44, 99.05, 0
0.91, -241.54, 98.89, 0
1.02, -241.56, 98.70, 0
1.18, -241.61, 98.65, 0
1.13, -241.73, 98.81, 0
0.96, -241.86, 99.06, 0
0.78, -241.95, 99.32, 0
0.58, -242.01, 99.58, 0
0.34, -242.01, 99.83, 0
-0.12, -242.04, 100.25, 0
-0.73, -241.99, 100.70, 0
-1.21, -242.08, 101.09, 0
-1.44, -242.22, 101.74, 0
-1.50, -242.21, 102.22, 0
-1.43, -242.12, 102.34, 0
-1.37, -241.94, 102.19, 0
-1.03, -241.92, 101.76, 0
-0.62, -241.91, 101.25, 0
-0.33, -241.82, 100.94, 0
-0.20, -241.78, 101.01, 0
-0.16, -241.77, 101.27, 0
-0.08, -241.73, 101.54, 0
0.05, -241.64, 101.69, 0
0.18, -241.56, 101.66, 0
0.31, -241.50, 101.44, 0
0.32, -241.46, 101.14, 0
-0.01, -241.68, 100.71, 0
-0.41, -241.49, 100.15, 0
-0.73, -241.40, 99.85, 0
-1.01, -241.52, 99.77, 0
-0.96, -241.57, 99.59, 0
-0.74, -241.56, 99.38, 0
0.17, -241.65, 99.13, 0
1.34, -241.59, 98.77, 0
1.94, -241.50, 98.40, 0
2.39, -241.60, 98.17, 0
2.82, -241.92, 98.00, 0
2.82, -242.05, 98.14, 0
3.01, -242.17, 98.14, 0
3.18, -242.33, 98.18, 0
3.14, -242.28, 98.08, 0
3.17, -242.37, 97.85, 0
3.25, -242.57, 97.70, 0
3.20, -242.63, 97.25, 0
3.18, -243.05, 96.96, 0
3.42, -243.13, 96.60, 0
3.18, -243.12, 96.40, 0
3.14, -243.03, 96.38, 0
3.22, -242.86, 96.35, 0
3.44, -242.75, 96.12, 0
3.35, -242.66, 95.87, 0
3.30, -242.66, 95.53, 0
3.35, -242.79, 95.14, 0
3.26, -242.98, 94.66, 0
3.23, -243.09, 94.29, 0
3.27, -243.25, 94.06, 0
3.44, -243.42, 93.87, 0
3.67, -243.48, 93.78, 0
3.97, -243.49, 93.71, 0
4.27, -243.45, 93.66, 0
4.53, -243.41, 93.61, 0
4.71, -243.39, 93.58, 0
4.85, -243.34, 93.56, 0
5.12, -243.24, 93.52, 0
5.57, -243.09, 93.43, 1
6.21, -243.03, 93.30, 1
7.03, -243.03, 93.11, 1
7.65, -243.16, 92.99, 1
8.08, -243.37, 93.00, 1
8.23, -243.44, 93.00, 1
8.38, -243.47, 92.98, 1
8.66, -243.46, 92.94, 1
9.10, -243.35, 92.88, 1
9.53, -243.23, 92.83, 1
10.27, -243.12, 92.73, 1
11.24, -242.98, 92.54, 1
12.35, -242.91, 92.38, 1
13.71, -242.97, 92.24, 1
14.24, -243.00, 92.19, 1
15.04, -242.99, 92.09, 1
15.58, -242.99, 92.00, 1
16.35, -243.04, 91.86, 1
18.12, -243.14, 91.52, 1
20.25, -243.22, 91.10, 1
22.61, -243.21, 90.64, 1
24.70, -243.17, 90.26, 1
26.08, -243.13, 90.01, 1
27.36, -243.10, 89.80, 1
29.00, -243.11, 89.51, 1
31.10, -243.15, 89.15, 1
33.81, -243.20, 88.66, 1
36.89, -243.24, 88.13, 1
39.37, -243.31, 87.73, 1
40.65, -243.40, 87.53, 1
41.05, -243.52, 87.47, 1
41.59, -243.65, 87.38, 1
42.78, -243.84, 87.17, 1
44.87, -244.05, 86.80, 1
47.44, -244.28, 86.33, 1
50.35, -244.60, 85.80, 1
53.61, -244.94, 85.13, 1
56.86, -245.21, 84.39, 1
60.11, -245.40, 83.64, 1
63.36, -245.49, 82.85, 1
66.61, -245.57, 82.00, 1
69.86, -245.63, 81.09, 1
73.12, -245.68, 80.11, 1
76.37, -245.74, 79.21, 1
79.62, -245.79, 78.43, 1
82.87, -245.83, 77.56, 1
86.12, -246.00, 76.59, 1
88.29, -246.20, 76.07, 1
88.97, -246.37, 75.93, 1
89.25, -246.56, 75.88, 1
89.46, -246.74, 75.86, 1
89.72, -246.90, 75.82, 1
90.11, -247.11, 75.75, 1
90.76, -247.34, 75.52, 1
91.52, -247.43, 75.25, 1
92.49, -247.48, 74.98, 1
93.96, -247.39, 74.64, 1
95.92, -247.24, 74.24, 1
97.51, -246.95, 73.96, 1
98.57, -246.61, 73.82, 1
99.59, -246.26, 73.70, 1
100.60, -245.86, 73.58, 1
101.62, -245.24, 73.38, 1
102.89, -244.80, 73.11, 1
103.76, -244.48, 72.93, 1
104.31, -244.31, 72.82, 1
104.82, -244.33, 72.75, 1
105.17, -244.47, 72.71, 1
105.32, -244.63, 72.69, 1
105.58, -244.81, 72.62, 1
106.87, -244.97, 72.29, 1
107.85, -244.93, 72.01, 1
111.07, -244.68, 71.30, 1
113.27, -243.79, 70.84, 1
114.15, -242.83, 70.64, 1
115.05, -242.01, 70.48, 1
117.27, -241.46, 70.20, 1
118.28, -241.22, 70.08, 1
118.43, -241.46, 70.08, 1
118.39, -242.00, 70.10, 1
118.37, -242.49, 70.10, 1
118.54, -242.65, 70.08, 1
118.99, -242.41, 70.01, 1
119.26, -241.88, 69.97, 1
119.48, -241.16, 69.93, 1
119.58, -240.43, 69.92, 1
119.56, -239.75, 69.94, 1
119.41, -239.31, 69.99, 1
119.10, -239.29, 70.03, 1
118.63, -239.80, 70.06, 1
118.07, -240.70, 70.09, 1
117.64, -241.62, 70.06, 1
117.36, -242.36, 70.01, 1
117.14, -242.88, 69.99, 1
116.89, -243.16, 70.00, 1
115.62, -243.19, 70.15, 1
112.53, -243.09, 70.58, 1
109.28, -243.30, 71.30, 1
106.03, -243.76, 71.93, 1
103.20, -244.25, 72.43, 1
101.00, -244.71, 72.74, 1
99.46, -245.11, 72.92, 1
97.66, -245.50, 73.17, 1
95.46, -245.80, 73.60, 1
92.73, -246.03, 74.26, 1
91.80, -246.20, 74.58, 1
91.19, -246.15, 74.85, 1
90.61, -246.04, 75.33, 1
88.81, -246.16, 76.04, 1
86.38, -246.14, 76.68, 1
83.13, -246.21, 77.28, 1
79.88, -246.10, 77.96, 1
76.62, -245.94, 78.82, 1
73.37, -245.81, 79.97, 1
70.12, -245.73, 81.15, 1
66.87, -245.65, 82.37, 1
63.62, -245.44, 83.58, 1
60.36, -245.11, 84.62, 1
57.11, -244.87, 85.56, 1
53.86, -244.60, 86.54, 1
50.61, -244.76, 87.75, 1
47.36, -244.66, 89.44, 1
44.11, -244.27, 91.64, 1
40.85, -243.59, 93.74, 1
37.60, -243.02, 95.31, 1
34.35, -242.60, 96.38, 1
31.12, -242.39, 97.02, 1
28.58, -242.20, 97.33, 1
26.74, -241.89, 97.36, 1
24.84, -241.69, 97.28, 1
22.94, -241.64, 97.27, 1
21.43, -241.50, 97.28, 1
20.54, -241.32, 97.20, 1
20.30, -241.15, 97.02, 1
20.52, -240.99, 96.77, 1
21.45, -240.78, 96.40, 1
22.58, -240.64, 96.12, 1
22.89, -240.64, 96.06, 1
22.82, -240.73, 96.16, 1
22.62, -240.79, 96.41, 1
22.53, -240.85, 96.62, 1
22.56, -240.87, 96.66, 1
22.82, -240.82, 96.52, 1
23.10, -240.75, 96.40, 1
23.19, -240.70, 96.33, 1
23.19, -240.62, 96.32, 1
23.19, -240.53, 96.32, 1
23.34, -240.43, 96.28, 1
23.77, -240.36, 96.13, 1
24.51, -240.28, 95.88, 1
25.73, -240.18, 95.63, 1
27.05, -240.17, 95.34, 1
28.06, -240.30, 95.08, 1
28.74, -240.42, 94.95, 1
29.31, -240.45, 94.87, 1
29.72, -240.47, 94.82, 1
30.04, -240.48, 94.79, 1
30.49, -240.44, 94.76, 1
31.24, -240.37, 94.69, 1
32.07, -240.33, 94.62, 1
32.39, -240.37, 94.64, 1
32.25, -240.38, 94.83, 1
31.94, -240.32, 95.15, 1
31.62, -240.25, 95.45, 1
31.51, -240.19, 95.64, 1
31.53, -240.19, 95.66, 1
31.75, -240.25, 95.54, 1
31.89, -240.36, 95.48, 1
31.91, -240.48, 95.48, 1
31.60, -240.56, 95.55, 1
31.32, -240.58, 95.63, 0
30.81, -240.68, 95.77, 0
30.27, -240.94, 95.90, 0
29.45, -241.09, 96.10, 0
28.76, -241.27, 96.27, 0
28.44, -241.42, 96.29, 0
28.39, -241.51, 96.24, 0
28.60, -241.62, 96.15, 0
28.91, -241.68, 96.06, 0
29.11, -241.70, 96.03, 0
29.17, -241.70, 96.06, 0
29.16, -241.66, 96.13, 0
29.15, -241.63, 96.21, 0
29.19, -241.62, 96.30, 0
28.99, -240.95, 96.25, 0
28.93, -240.34, 96.33, 0
28.72, -240.17, 96.43, 0
28.31, -240.34, 96.48, 0
27.81, -240.12, 96.39, 0
27.80, -239.64, 96.16, 0
27.87, -239.63, 95.49, 0
27.83, -240.04, 95.00, 0
27.68, -240.56, 95.25, 0
27.53, -239.32, 95.36, 0
27.83, -239.11, 95.59, 0
27.44, -238.98, 95.66, 0
27.21, -238.79, 95.81, 0
26.91, -238.85, 95.88, 0
26.52, -238.72, 95.78, 0
26.45, -238.66, 95.51, 0
26.50, -238.67, 95.27, 0
26.67, -238.75, 94.83, 0
26.86, -239.20, 94.82, 0
27.20, -239.50, 94.74, 0
27.61, -239.59, 94.52, 0
28.06, -239.53, 94.26, 0
28.40, -239.49, 94.00, 0
28.59, -239.46, 93.80, 0
28.70, -239.42, 93.67, 0
28.83, -239.35, 93.56, 0
29.02, -239.28, 93.47, 0
29.23, -239.26, 93.44, 0
29.40, -239.34, 93.49, 0
29.55, -239.50, 93.64, 0
29.63, -239.68, 93.80, 0
29.70, -239.81, 93.98, 0
29.77, -239.90, 94.15, 0
29.84, -240.02, 94.36, 0
29.96, -240.17, 94.57, 0
30.13, -240.32, 94.78, 0
30.30, -240.43, 95.02, 0
30.48, -240.51, 95.32, 0
30.64, -240.63, 95.67, 0
30.79, -240.76, 96.02, 0
30.97, -240.85, 96.34, 0
31.12, -240.88, 96.56, 0
31.23, -240.85, 96.74, 0
31.27, -240.84, 96.94, 0
31.21, -240.91, 97.20, 0
31.18, -241.04, 97.46, 0
31.20, -241.20, 97.66, 0
31.21, -241.34, 97.77, 0
31.16, -241.46, 97.84, 0
31.04, -241.61, 97.93, 0
30.91, -241.78, 97.99, 0
30.79, -241.95, 98.05, 0
30.70, -242.10, 98.10, 0
30.60, -242.25, 98.12, 0
30.53, -242.35, 98.10, 0
30.44, -242.43, 98.08, 0
30.31, -242.53, 98.10, 0
30.16, -242.66, 98.13, 0
30.09, -242.75, 98.15, 0
30.09, -242.79, 98.15, 0
30.10, -242.80, 98.15, 0
30.11, -242.77, 98.15, 0
30.15, -242.70, 98.15, 0
30.13, -242.63, 98.17, 0
30.08, -242.57, 98.20, 0
30.06, -242.50, 98.24, 0
30.11, -242.41, 98.25, 0
30.19, -242.30, 98.25, 0
30.26, -242.20, 98.24, 0
30.33, -242.12, 98.23, 0
30.34, -242.09, 98.23, 0
30.31, -242.10, 98.25, 0
30.36, -242.13, 98.27, 0
30.53, -242.15, 98.23, 0
30.76, -242.19, 98.11, 0
30.97, -242.23, 97.98, 0
31.03, -242.23, 97.92, 0
30.95, -242.21, 97.88, 0
30.84, -242.21, 97.79, 0
30.79, -242.18, 97.68, 0
30.78, -242.11, 97.55, 0
30.80, -242.01, 97.42, 0
30.81, -241.95, 97.32, 0
30.80, -241.92, 97.24, 0
30.77, -241.92, 97.16, 0
30.71, -241.94, 97.07, 0
30.64, -241.98, 97.00, 0
30.54, -242.05, 96.93, 0
30.43, -242.12, 96.88, 0
30.36, -242.17, 96.83, 0
30.34, -242.20, 96.76, 0
30.35, -242.21, 96.70, 0
30.37, -242.21, 96.65, 0
30.37, -242.20, 96.60, 0
30.38, -242.19, 96.54, 0
30.39, -242.20, 96.46, 0
30.38, -242.21, 96.40, 0
30.37, -242.23, 96.34, 0
30.34, -242.29, 96.30, 0
30.29, -242.37, 96.29, 0
30.22, -242.47, 96.29, 0
30.12, -242.57, 96.31, 0
30.03, -242.67, 96.34, 0
29.97, -242.73, 96.55, 0
29.94, -242.85, 96.86, 0
29.90, -242.97, 97.06, 0
29.86, -243.10, 97.15, 0
29.83, -243.24, 97.18, 0
29.70, -243.33, 97.10, 0
29.58, -243.32, 97.06, 0
29.43, -243.22, 97.12, 0
29.31, -243.22, 97.08, 0
29.29, -243.18, 97.11, 0
29.33, -243.14, 97.08, 0
29.33, -243.16, 97.11, 0
29.23, -243.23, 97.05, 0
29.06, -243.34, 97.04, 0
28.91, -243.45, 97.08, 0
28.77, -243.54, 97.13, 0
28.71, -243.46, 97.17, 0
28.61, -243.39, 97.21, 0
28.51, -243.33, 97.22, 0
28.35, -243.26, 97.28, 0
28.35, -243.33, 97.35, 0
28.32, -243.42, 97.44, 0
28.30, -243.39, 97.44, 0
28.29, -243.31, 97.40, 0
28.32, -243.24, 97.38, 0
28.34, -243.23, 97.35, 0
28.43, -243.28, 97.35, 0
28.48, -243.24, 97.19, 0
28.49, -243.52, 97.12, 0
28.50, -243.61, 96.99, 0
28.34, -243.69, 96.86, 0
28.08, -243.69, 96.62, 0
27.83, -243.79, 96.39, 0
27.67, -244.11, 96.16, 0
27.75, -244.64, 96.13, 0
27.80, -244.86, 95.98, 0
27.75, -244.85, 95.87, 0
27.50, -244.91, 95.83, 0
27.20, -244.82, 95.84, 0
26.90, -244.59, 95.83, 0
26.64, -244.37, 95.76, 0
26.63, -244.54, 95.69, 0
26.47, -244.53, 95.60, 0
26.41, -244.66, 95.46, 0
26.12, -244.69, 95.40, 0
26.05, -244.68, 95.40, 0
26.00, -244.63, 95.50, 0
26.01, -244.48, 95.61, 0
26.07, -244.36, 95.67, 0
26.15, -244.39, 95.68, 0
26.13, -244.47, 95.67, 0
26.10, -244.55, 95.64, 0
26.01, -244.60, 95.53, 0
26.00, -244.53, 95.47, 0
26.25, -244.37, 95.56, 0
26.39, -244.26, 95.62, 0
26.51, -244.16, 95.65, 1
26.55, -244.08, 95.66, 1
26.55, -244.07, 95.65, 1
26.48, -244.13, 95.57, 1
26.32, -244.16, 95.43, 1
26.19, -244.16, 95.34, 1
26.15, -244.12, 95.29, 1
26.10, -244.06, 95.28, 1
26.08, -244.00, 95.28, 1
26.09, -243.90, 95.31, 1
26.07, -243.84, 95.35, 1
26.13, -243.73, 95.36, 1
26.21, -243.48, 95.34, 1
26.34, -243.27, 95.31, 1
26.52, -243.09, 95.27, 1
26.62, -243.00, 95.24, 1
26.67, -242.96, 95.20, 1
26.78, -242.93, 95.11, 1
26.92, -242.98, 94.95, 1
27.00, -243.06, 94.78, 1
27.03, -243.10, 94.64, 1
27.05, -243.15, 94.54, 1
27.04, -243.20, 94.52, 1
27.03, -243.24, 94.52, 1
27.02, -243.30, 94.53, 1
27.01, -243.39, 94.51, 1
26.99, -243.57, 94.46, 1
26.98, -243.70, 94.40, 1
26.95, -243.78, 94.35, 1
26.90, -243.81, 94.35, 1
26.86, -243.82, 94.37, 1
26.65, -243.85, 94.41, 1
26.06, -243.86, 94.47, 1
25.47, -243.89, 94.52, 1
25.08, -243.91, 94.56, 1
24.97, -243.87, 94.57, 1
25.06, -243.70, 94.57, 1
25.79, -243.34, 94.52, 1
27.00, -242.84, 94.43, 1
27.84, -242.54, 94.48, 1
28.33, -242.41, 94.53, 1
29.30, -242.40, 94.48, 1
30.81, -242.42, 94.30, 1
31.60, -242.40, 94.17, 1
32.61, -242.23, 93.92, 1
35.87, -242.31, 93.33, 1
38.57, -242.50, 92.90, 1
39.55, -242.52, 92.69, 1
39.71, -242.63, 92.69, 1
39.80, -243.31, 92.74, 1
39.88, -243.67, 92.78, 1
39.89, -243.76, 92.79, 1
39.88, -243.80, 92.79, 1
39.86, -243.83, 92.80, 1
39.85, -243.86, 92.80, 1
39.84, -243.88, 92.80, 1
39.82, -243.91, 92.80, 1
39.57, -243.89, 92.83, 1
38.56, -243.27, 92.89, 1
38.02, -242.75, 93.17, 1
37.01, -242.56, 93.74, 1
34.21, -242.47, 94.35, 1
31.01, -242.79, 94.91, 1
27.75, -242.91, 95.32, 1
24.50, -243.00, 95.93, 1
21.25, -242.97, 96.60, 1
18.00, -242.55, 97.52, 1
14.99, -242.40, 98.09, 1
14.31, -242.33, 98.24, 1
14.01, -242.24, 98.27, 1
13.61, -242.12, 98.26, 1
12.80, -241.97, 98.33, 1
10.96, -241.76, 98.55, 1
9.27, -241.60, 98.71, 1
7.98, -241.43, 98.84, 1
7.07, -241.26, 98.90, 1
6.22, -241.09, 98.95, 1
4.79, -240.84, 99.07, 1
2.71, -240.65, 99.23, 1
0.88, -240.36, 99.42, 1
-2.37, -239.89, 99.75, 1
-5.62, -239.44, 100.37, 1
-8.87, -238.85, 101.06, 1
-12.13, -238.37, 101.48, 1
-15.38, -237.74, 101.91, 1
-18.63, -237.06, 102.42, 1
-21.88, -236.33, 102.92, 1
-25.13, -235.80, 103.20, 1
-28.38, -235.35, 103.41, 1
-31.64, -235.10, 103.65, 1
-34.89, -234.80, 103.96, 1
-38.14, -234.47, 104.34, 1
-41.39, -234.06, 104.59, 1
-42.87, -233.60, 104.52, 1
-43.74, -233.12, 104.41, 1
-44.36, -232.76, 104.30, 1
-44.82, -232.47, 104.25, 1
-45.29, -232.10, 104.23, 1
-45.95, -231.70, 104.23, 1
-46.60, -231.39, 104.26, 1
-47.11, -231.33, 104.24, 1
-47.38, -231.32, 104.21, 1
-47.59, -231.34, 104.21, 1
-47.83, -231.35, 104.22, 1
-48.06, -231.39, 104.23, 1
-48.22, -231.44, 104.23, 1
-48.27, -231.51, 104.23, 1
-48.17, -231.60, 104.24, 1
-47.94, -231.71, 104.26, 1
-47.57, -231.88, 104.28, 1
-47.01, -232.15, 104.31, 1
-46.27, -232.47, 104.31, 1
-45.51, -232.80, 104.31, 1
-44.76, -233.07, 104.31, 1
-43.02, -233.03, 104.24, 1
-39.77, -232.88, 103.91, 1
-36.52, -233.30, 103.50, 1
-33.27, -233.85, 103.01, 1
-30.01, -234.52, 102.34, 1
-26.76, -234.93, 101.52, 1
-23.51, -235.30, 100.73, 1
-20.26, -235.64, 100.34, 1
-17.01, -235.99, 100.05, 1
-13.76, -236.35, 99.75, 1
-10.50, -236.57, 99.55, 1
-7.25, -236.62, 99.35, 1
-4.00, -236.77, 99.11, 1
-0.75, -237.30, 98.84, 1
2.50, -238.10, 98.48, 1
5.75, -238.88, 98.08, 1
9.01, -239.42, 97.85, 1
12.26, -239.94, 98.16, 1
15.51, -240.44, 97.76, 1
17.08, -240.45, 97.30, 1
18.05, -240.39, 96.99, 1
18.04, -240.11, 96.87, 1
17.78, -239.83, 96.81, 1
17.55, -239.58, 96.81, 1
17.49, -239.37, 96.79, 1
17.45, -239.19, 96.74, 1
17.38, -239.06, 96.64, 1
17.31, -238.98, 96.47, 1
17.24, -238.98, 96.41, 1
17.21, -238.95, 96.39, 1
17.15, -238.91, 96.44, 1
16.39, -239.12, 97.03, 1
16.12, -239.15, 97.22, 1
16.06, -239.16, 97.25, 1
16.04, -239.18, 97.25, 1
16.03, -239.20, 97.25, 1
16.02, -239.22, 97.25, 1
16.01, -239.25, 97.25, 1
16.00, -239.28, 97.25, 1
16.02, -239.37, 97.27, 1
16.01, -239.41, 97.28, 1
16.00, -239.43, 97.28, 1
16.48, -239.48, 97.32, 1
16.93, -239.55, 97.35, 1
18.05, -239.68, 97.46, 1
19.26, -239.63, 98.01, 1
20.37, -240.04, 98.33, 1
22.57, -240.72, 98.03, 1
25.82, -241.21, 97.32, 1
29.07, -241.69, 96.25, 1
32.33, -242.12, 95.55, 1
35.08, -242.55, 95.14, 1
36.87, -243.02, 94.78, 1
37.97, -243.42, 94.61, 1
38.39, -243.67, 94.49, 1
38.34, -243.82, 94.43, 1
37.51, -243.81, 94.81, 1
36.59, -243.60, 95.43, 1
35.96, -243.45, 95.87, 1
35.40, -243.48, 96.07, 1
34.73, -243.71, 96.15, 1
33.26, -244.16, 96.26, 1
32.19, -244.65, 96.40, 1
31.81, -245.22, 96.46, 1
31.66, -245.75, 96.51, 1
31.12, -246.06, 96.75, 1
30.55, -246.25, 96.90, 1
30.01, -246.47, 97.00, 1
29.45, -246.70, 97.14, 1
29.12, -246.86, 97.29, 1
28.95, -247.01, 97.43, 1
28.66, -247.12, 97.70, 1
28.04, -247.14, 97.97, 1
27.04, -247.19, 98.27, 1
26.01, -247.23, 98.59, 1
25.18, -247.23, 98.93, 1
24.48, -247.26, 99.18, 1
24.23, -247.32, 99.28, 1
24.15, -247.38, 99.30, 1
24.13, -247.41, 99.30, 1
24.12, -247.50, 99.30, 1
24.03, -247.62, 99.38, 1
23.81, -247.72, 99.49, 1
23.46, -247.78, 99.58, 1
23.24, -247.83, 99.60, 1
22.95, -247.88, 99.59, 1
22.31, -247.93, 99.62, 1
21.72, -247.93, 99.68, 1
21.50, -247.87, 99.68, 1
21.38, -247.83, 99.60, 1
21.42, -247.86, 99.38, 1
21.73, -248.13, 98.76, 1
22.05, -248.53, 98.02, 1
22.54, -248.68, 97.79, 1
22.82, -248.69, 97.76, 1
22.91, -248.76, 97.76, 1
22.99, -248.83, 97.80, 1
22.98, -248.98, 97.86, 1
22.91, -249.07, 97.94, 1
22.84, -249.10, 98.04, 1
22.85, -249.17, 98.13, 1
22.97, -249.29, 98.21, 1
23.39, -249.39, 98.20, 1
24.33, -249.49, 98.08, 1
25.53, -249.69, 97.85, 1
26.49, -249.81, 97.68, 1
26.74, -249.85, 97.86, 1
26.76, -249.76, 98.22, 1
25.96, -249.84, 98.50, 1
24.96, -249.95, 98.72, 1
24.08, -250.13, 98.94, 1
23.04, -250.46, 99.22, 1
22.45, -250.85, 99.38, 1
22.21, -251.32, 99.45, 1
22.09, -251.88, 99.48, 1
22.01, -252.40, 99.51, 1
21.94, -253.39, 99.52, 1
21.91, -254.03, 99.57, 1
21.85, -254.55, 99.69, 1
21.73, -255.23, 99.75, 1
21.35, -256.11, 99.84, 1
21.08, -256.61, 99.85, 1
21.00, -256.79, 99.81, 1
20.96, -256.76, 99.77, 1
20.99, -256.58, 99.72, 1
21.08, -256.35, 99.64, 1
21.27, -256.06, 99.49, 1
22.06, -255.74, 99.09, 1
23.03, -255.39, 98.78, 1
23.94, -255.07, 98.63, 1
24.33, -254.72, 98.69, 1
24.73, -254.29, 98.65, 1
25.48, -253.86, 98.48, 1
25.80, -253.43, 98.35, 1
26.29, -252.91, 98.14, 1
26.99, -252.25, 97.91, 1
27.27, -251.61, 97.82, 1
27.26, -251.04, 97.87, 1
26.93, -250.50, 97.96, 1
26.54, -250.00, 98.01, 1
26.35, -249.71, 97.85, 1
26.22, -249.54, 97.76, 1
26.13, -249.47, 97.76, 1
26.11, -249.39, 97.77, 1
26.09, -249.32, 97.79, 1
26.06, -249.19, 97.77, 1
25.97, -249.03, 97.81, 1
25.88, -248.75, 97.93, 1
25.88, -248.37, 98.00, 1
25.88, -247.98, 98.03, 1
25.74, -247.59, 98.06, 1
25.53, -247.27, 98.09, 1
25.53, -246.99, 98.08, 1
25.52, -246.78, 98.08, 1
25.44, -246.66, 98.07, 1
25.27, -246.62, 98.06, 1
25.29, -246.65, 98.00, 1
25.53, -246.70, 97.89, 1
25.84, -246.72, 97.72, 1
25.94, -246.72, 97.55, 1
26.14, -246.70, 97.39, 1
26.54, -246.63, 97.22, 1
27.14, -246.51, 97.04, 1
27.95, -246.43, 96.96, 1
28.57, -246.39, 96.94, 1
28.83, -246.44, 96.94, 1
28.98, -246.57, 96.93, 1
29.07, -246.78, 96.90, 1
29.07, -247.08, 96.71, 1
28.68, -247.68, 96.26, 1
27.74, -248.16, 95.39, 1
26.60, -248.00, 94.75, 1
26.02, -247.87, 94.71, 1
26.30, -248.13, 94.59, 1
26.35, -248.16, 94.56, 1
26.34, -248.14, 94.54, 1
26.30, -248.10, 94.50, 1
26.60, -248.04, 94.40, 1
27.36, -247.58, 94.19, 1
28.17, -247.17, 94.03, 1
28.56, -246.96, 94.07, 1
28.95, -246.88, 94.10, 1
29.25, -246.85, 94.11, 1
30.06, -247.00, 93.97, 1
31.73, -247.17, 93.72, 1
32.53, -246.93, 93.82, 1
32.95, -246.37, 94.28, 1
33.06, -245.73, 94.76, 1
32.99, -245.04, 95.27, 1
32.42, -243.70, 95.73, 1
31.26, -242.09, 96.27, 1
30.18, -241.18, 96.57, 1
29.59, -240.47, 96.74, 1
29.07, -239.88, 96.95, 1
28.32, -239.20, 97.37, 1
27.08, -238.74, 97.59, 1
26.02, -238.49, 97.70, 1
25.08, -238.36, 97.80, 1
23.93, -238.51, 97.87, 1
22.39, -238.93, 97.93, 1
20.59, -239.55, 97.98, 1
18.87, -240.23, 97.97, 1
17.69, -240.95, 97.79, 1
16.88, -241.67, 97.70, 1
16.28, -242.23, 97.70, 1
15.38, -241.88, 97.77, 1
12.70, -239.64, 98.37, 1
10.91, -238.01, 98.83, 1
10.15, -237.24, 98.95, 1
9.69, -235.67, 98.85, 1
9.76, -234.50, 98.68, 1
10.55, -233.93, 98.10, 1
11.73, -233.40, 97.50, 1
13.12, -233.13, 96.93, 1
14.28, -233.58, 97.90, 1
15.46, -234.25, 97.89, 1
16.81, -234.46, 97.89, 1
18.22, -234.55, 97.77, 1
19.10, -235.03, 97.57, 1
19.61, -236.02, 97.25, 1
20.25, -237.23, 96.72, 1
20.98, -238.49, 96.04, 1
21.72, -240.26, 95.17, 1
22.15, -242.37, 94.16, 1
22.39, -244.32, 93.17, 1
22.57, -246.15, 92.26, 1
22.75, -247.46, 91.47, 1
22.89, -248.41, 90.79, 1
23.17, -249.09, 90.21, 1
23.55, -249.50, 89.76, 1
23.92, -249.73, 89.51, 1
24.17, -249.88, 89.36, 1
24.31, -249.87, 89.23, 1
24.39, -249.65, 89.22, 1
24.44, -249.37, 89.24, 1
24.46, -249.13, 89.31, 1
24.45, -248.99, 89.45, 1
24.42, -249.00, 89.65, 1
24.50, -249.07, 89.83, 1
24.62, -249.15, 90.02, 1
24.75, -249.27, 90.15, 1
24.85, -249.45, 90.29, 1
24.92, -249.67, 90.47, 1
24.99, -249.91, 90.66, 1
25.13, -250.06, 90.79, 1
25.32, -250.14, 90.85, 1
25.50, -250.23, 90.84, 1
25.64, -250.30, 90.84, 1
25.80, -250.30, 90.83, 1
26.06, -250.29, 90.77, 1
26.40, -250.22, 90.68, 1
26.70, -250.08, 90.62, 0
26.90, -249.93, 90.54, 0
27.03, -249.69, 90.50, 0
27.08, -249.45, 90.52, 0
27.09, -249.28, 90.53, 0
27.14, -249.07, 90.56, 0
27.23, -248.87, 90.57, 0
27.32, -248.67, 90.57, 0
27.46, -248.51, 90.54, 0
27.61, -248.42, 90.47, 0
27.76, -248.43, 90.40, 0
28.04, -248.50, 90.32, 0
28.42, -248.60, 90.21, 0
28.89, -248.69, 90.07, 0
29.47, -248.59, 89.95, 0
29.95, -248.70, 89.89, 0
30.47, -248.88, 90.07, 0
31.05, -248.18, 90.40, 0
31.38, -247.95, 90.33, 0
31.56, -247.88, 90.44, 0
31.59, -247.65, 90.66, 0
31.32, -247.36, 90.90, 0
30.67, -247.07, 91.08, 0
29.66, -246.89, 91.16, 0
29.07, -246.82, 91.42, 0
28.67, -246.72, 91.59, 0
28.40, -246.66, 91.64, 0
28.16, -246.70, 91.63, 0
27.97, -246.74, 91.72, 0
27.85, -246.77, 91.88, 0
27.75, -246.75, 92.05, 0
27.67, -246.66, 92.19, 0
27.59, -246.54, 92.26, 0
27.51, -246.39, 92.29, 0
27.40, -246.22, 92.35, 0
27.30, -246.09, 92.42, 0
27.23, -246.02, 92.49, 0
27.21, -245.94, 92.56, 0
27.19, -245.86, 92.63, 0
27.12, -245.79, 92.69, 0
27.02, -245.73, 92.73, 0
26.87, -245.69, 92.80, 0
26.77, -245.63, 92.88, 0
26.73, -245.53, 92.98, 0
26.72, -245.41, 93.09, 0
26.75, -245.25, 93.20, 0
26.75, -245.15, 93.33, 0
26.69, -245.11, 93.43, 0
26.59, -245.10, 93.49, 0
26.42, -245.07, 93.56, 0
26.26, -245.00, 93.67, 0
26.16, -244.87, 93.82, 0
26.07, -244.73, 93.97, 0
25.96, -244.64, 94.10, 0
25.80, -244.60, 94.23, 0
25.61, -244.58, 94.35, 0
25.47, -244.53, 94.43, 0
25.39, -244.45, 94.49, 0
25.40, -244.35, 94.55, 0
25.33, -244.30, 94.67, 0
25.12, -244.32, 94.88, 0
24.94, -244.36, 95.15, 0
24.78, -244.41, 95.48, 0
24.68, -244.41, 95.84, 0
24.71, -244.35, 96.12, 0
24.76, -244.32, 96.31, 0
24.70, -244.34, 96.43, 0
24.51, -244.45, 96.53, 0
24.25, -244.61, 96.66, 0
24.05, -244.78, 96.84, 0
23.93, -244.92, 97.08, 0
23.94, -244.91, 96.98, 0
24.16, -244.35, 96.64, 0
24.33, -243.96, 96.20, 0
24.37, -243.76, 96.14, 0
24.37, -243.70, 96.04, 0
24.39, -243.72, 95.95, 0
24.37, -243.82, 95.91, 0
24.20, -243.98, 95.96, 0
23.90, -244.14, 96.16, 0
23.49, -244.30, 96.44, 0
23.08, -244.46, 96.65, 0
22.65, -244.78, 96.45, 0
22.14, -244.88, 96.38, 0
21.55, -244.89, 96.25, 0
21.08, -244.73, 96.41, 0
20.84, -244.49, 96.66, 0
20.86, -244.22, 96.81, 0
21.04, -243.99, 96.78, 0
21.12, -243.90, 96.55, 0
20.97, -243.92, 96.30, 0
20.71, -243.96, 96.18, 0
20.36, -244.04, 96.26, 0
20.01, -244.18, 96.44, 0
19.82, -244.33, 96.58, 0
19.78, -244.51, 96.62, 0
19.76, -244.69, 96.59, 0
19.64, -244.84, 96.54, 0
19.51, -244.94, 96.53, 0
19.45, -244.99, 96.55, 0
19.46, -245.01, 96.56, 0
19.50, -245.03, 96.55, 0
19.54, -245.05, 96.53, 0
19.58, -245.10, 96.48, 0
19.53, -245.16, 96.51, 0
19.42, -245.23, 96.57, 0
19.40, -245.30, 96.59, 0
19.44, -245.36, 96.59, 0
19.48, -245.42, 96.58, 0
19.51, -245.47, 96.56, 0
19.55, -245.52, 96.55, 0
19.65, -245.54, 96.57, 0
19.82, -245.52, 96.62, 0
19.99, -245.54, 96.55, 0
20.10, -245.55, 96.51, 0
20.19, -245.51, 96.53, 0
20.24, -245.49, 96.47, 0
20.27, -245.45, 96.37, 0
20.31, -245.32, 96.42, 0
20.40, -245.13, 96.51, 0
20.47, -244.97, 96.60, 0
20.50, -244.87, 96.65, 0
20.49, -244.91, 96.60, 0
20.49, -245.03, 96.54, 0
20.51, -245.18, 96.49, 0
20.54, -245.34, 96.47, 0
20.56, -245.49, 96.44, 0
20.47, -245.63, 96.36, 0
20.33, -245.72, 96.33, 0
20.20, -245.77, 96.38, 0
20.10, -245.81, 96.42, 0
20.07, -245.84, 96.46, 0
20.07, -245.91, 96.48, 0
20.07, -246.00, 96.46, 0
20.08, -246.07, 96.44, 0
20.09, -246.11, 96.49, 0
20.10, -246.16, 96.50, 0
20.09, -246.20, 96.50, 0
20.06, -246.28, 96.50, 0
20.02, -246.40, 96.50, 0
19.98, -246.58, 96.50, 0
19.93, -246.73, 96.51, 0
19.86, -246.85, 96.52, 0
19.80, -246.94, 96.53, 0
19.76, -247.03, 96.53, 0
19.75, -247.10, 96.51, 0
19.77, -247.14, 96.46, 0
19.82, -247.19, 96.39, 0
19.85, -247.21, 96.29, 0
19.89, -247.19, 96.17, 0
19.97, -247.13, 96.04, 0
20.02, -247.07, 95.92, 0
20.07, -247.00, 95.81, 0
20.13, -246.91, 95.72, 0
20.23, -246.77, 95.63, 0
20.32, -246.63, 95.53, 0
20.38, -246.47, 95.42, 0
20.39, -246.32, 95.30, 0
20.36, -246.20, 95.19, 0
20.36, -246.09, 95.09, 0
20.39, -245.98, 95.01, 0
20.45, -245.86, 94.94, 0
20.51, -245.74, 94.90, 0
20.53, -245.64, 94.84, 0
20.53, -245.54, 94.76, 0
20.53, -245.45, 94.68, 0
20.55, -245.38, 94.62, 0
20.56, -245.31, 94.56, 0
20.57, -245.25, 94.50, 0
20.60, -245.19, 94.42, 0
20.64, -245.12, 94.32, 0
20.66, -245.05, 94.22, 0
20.66, -245.01, 94.12, 0
20.62, -244.99, 94.04, 0
20.58, -244.97, 93.95, 0
20.52, -244.94, 93.86, 0
20.47, -244.90, 93.76, 0
20.44, -244.84, 93.66, 0
20.42, -244.76, 93.59, 0
20.41, -244.70, 93.53, 0
20.42, -244.63, 93.48, 0
20.44, -244.59, 93.45, 0
20.45, -244.59, 93.43, 0
20.41, -244.65, 93.43, 0
20.36, -244.73, 93.43, 0
20.30, -244.82, 93.44, 0
20.21, -244.94, 93.48, 0
20.13, -245.11, 93.51, 0
20.06, -245.27, 93.55, 0
20.01, -245.45, 93.57, 0
19.98, -245.61, 93.58, 0
19.91, -245.79, 93.62, 0
19.81, -246.01, 93.66, 0
19.76, -246.19, 93.66, 0
19.74, -246.32, 93.63, 0
19.77, -246.41, 93.58, 0
19.78, -246.51, 93.54, 0
19.74, -246.65, 93.53, 0
19.66, -246.81, 93.52, 1
19.56, -246.99, 93.53, 1
19.48, -247.17, 93.52, 1
19.49, -247.30, 93.50, 1
19.53, -247.43, 93.50, 1
19.54, -247.57, 93.55, 1
19.51, -247.72, 93.62, 1
19.45, -247.86, 93.68, 1
19.35, -248.01, 93.74, 1
19.26, -248.15, 93.82, 1
19.17, -248.31, 93.95, 1
19.04, -248.50, 94.12, 1
18.84, -248.73, 94.30, 1
18.62, -248.95, 94.43, 1
18.45, -249.12, 94.50, 1
18.27, -249.24, 94.56, 1
18.14, -249.30, 94.64, 1
18.07, -249.33, 94.73, 1
18.04, -249.19, 94.89, 1
18.03, -249.08, 94.61, 1
18.06, -249.14, 94.07, 1
17.90, -249.05, 93.81, 1
17.73, -248.97, 93.64, 1
17.58, -248.98, 93.49, 1
17.48, -249.04, 93.32, 1
17.29, -249.13, 93.17, 1
17.05, -249.22, 93.12, 1
16.69, -249.29, 93.16, 1
16.25, -249.68, 93.48, 1
15.82, -249.91, 94.02, 1
15.19, -250.01, 94.42, 1
14.34, -250.09, 94.94, 1
13.56, -250.03, 95.58, 1
13.00, -249.80, 96.32, 1
12.68, -249.59, 96.47, 1
12.92, -249.35, 96.32, 1
13.22, -249.26, 96.22, 1
13.50, -249.02, 95.99, 1
13.64, -248.64, 95.83, 1
13.41, -248.77, 95.80, 1
13.23, -248.54, 95.56, 1
13.15, -248.94, 95.49, 1
12.90, -249.02, 95.40, 1
13.00, -249.22, 95.49, 1
13.14, -249.33, 95.26, 1
13.56, -249.32, 94.86, 1
14.13, -249.89, 94.68, 1
14.46, -250.27, 94.53, 1
14.99, -250.14, 94.46, 1
15.58, -249.98, 94.65, 1
16.40, -250.07, 94.55, 1
16.83, -250.24, 94.39, 1
17.21, -250.42, 94.24, 1
17.82, -250.58, 94.04, 1
18.82, -250.78, 93.74, 1
20.29, -251.08, 93.29, 1
21.44, -251.59, 92.92, 1
21.99, -252.12, 92.82, 1
22.48, -252.58, 92.77, 1
23.26, -252.92, 92.69, 1
24.06, -253.06, 92.54, 1
24.60, -253.27, 92.44, 1
24.87, -253.71, 92.41, 1
24.99, -254.17, 92.45, 1
25.02, -254.58, 92.51, 1
24.91, -254.86, 92.61, 1
24.69, -255.07, 92.75, 1
24.35, -255.30, 92.95, 1
23.91, -255.39, 93.25, 1
23.27, -255.31, 93.67, 1
21.67, -255.32, 93.96, 1
19.97, -255.21, 94.12, 1
18.48, -254.82, 94.18, 1
17.14, -254.21, 94.35, 1
16.55, -253.49, 94.52, 1
16.62, -252.87, 94.68, 1
16.80, -252.74, 94.70, 1
17.14, -252.85, 94.53, 1
17.54, -253.00, 94.25, 1
17.73, -253.14, 93.86, 1
17.79, -253.29, 93.72, 1
18.01, -253.36, 93.68, 1
18.52, -253.38, 93.67, 1
19.47, -253.37, 93.65, 1
20.73, -253.53, 93.52, 1
22.27, -253.74, 93.25, 1
24.12, -254.00, 92.89, 1
26.17, -254.23, 92.45, 1
28.66, -254.33, 91.83, 1
31.61, -254.39, 91.01, 1
34.86, -254.53, 89.90, 1
38.11, -254.85, 88.96, 1
40.76, -255.43, 88.32, 1
42.58, -256.00, 87.92, 1
44.57, -256.56, 87.47, 1
46.88, -256.99, 86.96, 1
50.13, -257.33, 85.94, 1
53.38, -257.44, 84.94, 1
56.63, -257.58, 83.94, 1
59.88, -257.70, 82.66, 1
63.13, -257.95, 81.73, 1
66.16, -258.15, 80.90, 1
68.98, -258.21, 80.14, 1
71.94, -258.12, 79.28, 1
75.20, -257.90, 78.16, 1
78.45, -257.66, 76.82, 1
81.70, -257.52, 75.44, 1
84.95, -257.49, 74.07, 1
88.20, -257.66, 72.86, 1
91.45, -257.93, 71.80, 1
94.71, -258.16, 70.69, 1
97.96, -258.26, 69.30, 1
101.21, -258.25, 68.05, 1
102.79, -258.63, 67.40, 1
104.44, -258.95, 66.85, 1
107.22, -259.11, 65.99, 1
110.02, -259.19, 65.16, 1
111.54, -259.39, 64.71, 1
112.50, -259.72, 64.44, 1
112.94, -260.03, 64.38, 1
113.04, -260.25, 64.45, 1
113.02, -260.24, 64.55, 1
112.99, -260.10, 64.61, 1
112.96, -259.91, 64.61, 1
112.91, -259.78, 64.59, 1
112.86, -259.75, 64.59, 1
112.77, -259.81, 64.62, 1
112.57, -259.91, 64.70, 1
111.86, -259.99, 64.99, 1
110.81, -260.07, 65.41, 1
109.07, -260.17, 66.14, 1
106.07, -260.34, 67.33, 1
103.87, -260.58, 68.27, 1
102.97, -260.62, 68.78, 1
100.95, -260.84, 69.64, 1
98.73, -261.07, 70.46, 1
95.48, -261.00, 71.85, 1
92.23, -260.95, 73.77, 1
88.98, -260.80, 76.16, 1
85.73, -260.66, 78.65, 1
82.48, -260.45, 80.94, 1
79.22, -260.31, 83.08, 1
75.97, -260.17, 85.31, 1
72.72, -260.17, 87.48, 1
69.47, -260.12, 89.68, 1
66.22, -260.02, 91.94, 1
62.96, -259.74, 94.18, 1
59.71, -259.33, 96.46, 1
56.46, -258.60, 98.69, 1
53.21, -257.50, 100.28, 1
50.50, -256.11, 101.14, 1
48.71, -255.16, 101.28, 1
47.53, -254.43, 101.12, 1
46.67, -253.93, 101.09, 1
45.80, -253.65, 101.16, 1
45.16, -253.54, 101.21, 1
44.87, -253.49, 101.24, 1
44.84, -253.45, 101.25, 1
44.91, -253.43, 101.26, 1
45.08, -253.47, 101.30, 1
45.45, -253.52, 101.39, 1
45.73, -253.72, 101.52, 1
46.00, -254.03, 101.69, 1
46.31, -254.39, 101.85, 1
46.88, -254.77, 101.99, 1
47.67, -255.01, 102.16, 1
48.39, -255.18, 102.38, 1
49.13, -255.31, 102.55, 1
50.10, -255.31, 102.60, 1
51.15, -255.23, 102.50, 1
51.67, -255.43, 102.48, 1
51.78, -255.74, 102.57, 1
51.65, -255.98, 102.71, 1
51.47, -256.09, 102.81, 1
51.35, -256.10, 102.84, 1
51.43, -256.00, 102.80, 1
51.68, -255.80, 102.67, 1
51.87, -255.58, 102.58, 1
51.81, -255.43, 102.59, 1
51.68, -255.27, 102.68, 1
51.63, -255.10, 102.73, 1
51.61, -254.93, 102.68, 1
51.61, -254.71, 102.57, 1
51.61, -254.44, 102.43, 1
51.60, -254.12, 102.36, 1
51.63, -253.69, 102.37, 1
51.70, -253.16, 102.38, 1
51.93, -252.31, 102.34, 1
51.96, -251.68, 102.38, 1
51.92, -251.08, 102.31, 1
51.97, -250.05, 102.13, 1
51.78, -248.65, 102.06, 1
51.40, -247.54, 102.15, 1
50.90, -246.71, 102.15, 1
50.57, -246.10, 101.98, 1
50.34, -245.62, 101.61, 1
50.13, -245.25, 101.26, 1
49.83, -244.99, 101.00, 1
49.53, -244.77, 100.90, 1
49.29, -244.63, 100.90, 1
49.20, -244.60, 100.93, 1
49.35, -244.71, 100.91, 1
49.50, -245.05, 100.87, 1
49.51, -245.54, 100.90, 1
49.28, -246.05, 101.04, 1
48.80, -246.62, 101.26, 1
48.82, -246.59, 101.35, 1
48.91, -247.09, 101.27, 1
48.96, -247.24, 100.80, 1
49.20, -247.24, 100.54, 1
49.18, -247.90, 100.29, 1
49.45, -247.76, 99.92, 1
49.76, -248.08, 99.56, 1
50.26, -248.63, 99.43, 1
50.71, -248.84, 99.56, 1
51.12, -249.22, 99.52, 1
51.74, -249.26, 99.08, 1
52.32, -249.16, 98.65, 1
52.67, -249.29, 98.31, 1
52.69, -249.80, 98.05, 1
52.42, -250.53, 97.90, 1
52.05, -251.30, 97.70, 1
51.58, -252.36, 97.15, 1
51.17, -253.42, 96.80, 1
50.90, -254.24, 96.54, 1
50.58, -255.09, 96.36, 1
50.29, -255.84, 96.25, 1
50.20, -256.39, 96.19, 1
50.16, -256.82, 96.20, 1
50.16, -257.09, 96.27, 1
50.19, -257.23, 96.32, 1
50.20, -257.36, 96.37, 1
50.16, -257.50, 96.43, 1
50.10, -257.61, 96.55, 0
50.12, -257.65, 96.71, 0
50.24, -257.61, 96.87, 0
50.35, -257.61, 97.06, 0
50.44, -257.59, 97.20, 0
50.60, -257.43, 97.31, 0
50.73, -257.30, 97.33, 0
50.76, -257.28, 97.34, 0
50.80, -257.31, 97.35, 0
50.89, -257.30, 97.37, 0
51.02, -257.27, 97.40, 0
51.15, -257.24, 97.46, 0
51.29, -257.20, 97.54, 0
51.45, -257.10, 97.62, 0
51.65, -256.94, 97.64, 0
51.82, -256.74, 97.63, 0
51.92, -256.64, 97.63, 0
51.99, -256.56, 97.65, 0
52.08, -256.48, 97.69, 0
52.20, -256.38, 97.73, 0
52.34, -256.27, 97.75, 0
52.50, -256.15, 97.75, 0
52.66, -256.03, 97.74, 0
52.79, -255.91, 97.75, 0
52.91, -255.78, 97.77, 0
53.02, -255.66, 97.81, 0
53.11, -255.53, 97.87, 0
53.21, -255.39, 97.95, 0
53.32, -255.26, 98.06, 0
53.42, -255.12, 98.16, 0
53.47, -255.02, 98.23, 0
53.47, -254.95, 98.27, 0
53.43, -254.90, 98.34, 0
53.38, -254.85, 98.45, 0
53.40, -254.77, 98.62, 0
53.48, -254.68, 98.81, 0
53.54, -254.62, 98.96, 0
53.55, -254.57, 99.09, 0
53.52, -254.57, 99.19, 0
53.44, -254.61, 99.32, 0
53.35, -254.63, 99.51, 0
53.20, -254.70, 99.70, 0
53.04, -254.79, 99.87, 0
52.86, -254.91, 100.04, 0
52.68, -255.09, 100.19, 0
52.57, -255.20, 100.28, 0
52.49, -255.27, 100.37, 0
52.39, -255.36, 100.45, 0
52.31, -255.40, 100.54, 0
52.21, -255.41, 100.63, 0
52.09, -255.39, 100.74, 0
52.01, -255.37, 100.87, 0
51.94, -255.37, 101.02, 0
51.82, -255.36, 101.18, 0
51.75, -255.34, 101.26, 0
51.76, -255.26, 101.23, 0
51.74, -255.14, 101.15, 0
51.64, -255.01, 101.07, 0
51.49, -254.91, 100.98, 0
51.36, -254.87, 100.90, 0
51.25, -254.83, 100.82, 0
51.13, -254.80, 100.76, 0
50.95, -254.86, 100.74, 0
50.73, -254.97, 100.76, 0
50.49, -255.13, 100.83, 0
50.23, -255.30, 100.90, 0
50.00, -255.46, 100.94, 0
49.90, -255.54, 100.84, 0
49.89, -255.51, 100.90, 0
49.85, -255.52, 100.98, 0
49.76, -255.39, 101.09, 0
49.65, -255.27, 101.16, 0
49.52, -255.16, 101.25, 0
49.43, -255.06, 101.37, 0
49.38, -254.96, 101.50, 0
49.32, -254.88, 101.62, 0
49.28, -254.79, 101.72, 0
49.20, -254.72, 101.80, 0
49.06, -254.66, 101.88, 0
48.85, -254.60, 101.95, 1
48.58, -254.56, 102.01, 1
48.15, -254.56, 102.05, 1
47.73, -254.52, 102.20, 1
47.53, -254.45, 102.13, 1
47.46, -254.32, 101.95, 1
47.45, -254.25, 101.81, 1
47.34, -254.29, 101.76, 1
46.99, -254.53, 101.83, 1
46.73, -254.54, 101.92, 1
46.57, -254.37, 102.06, 1
46.52, -254.23, 102.09, 1
46.43, -253.91, 101.90, 1
46.41, -253.96, 102.00, 1
46.47, -253.97, 101.90, 1
46.39, -254.21, 101.94, 1
46.33, -254.19, 101.85, 1
46.39, -254.50, 101.68, 1
46.44, -255.05, 101.73, 1
46.55, -255.06, 101.71, 1
46.77, -255.34, 101.61, 1
47.04, -255.87, 101.32, 1
47.36, -256.13, 100.95, 1
47.41, -256.13, 100.80, 1
47.73, -256.24, 100.71, 1
48.42, -256.56, 100.44, 1
49.40, -257.22, 99.93, 1
50.72, -257.91, 99.27, 1
52.38, -258.36, 98.57, 1
54.16, -258.53, 98.01, 1
56.16, -258.43, 97.63, 1
59.05, -258.23, 97.12, 1
62.30, -257.87, 96.44, 1
65.56, -257.73, 95.59, 1
68.81, -257.47, 94.66, 1
72.06, -257.57, 93.70, 1
75.31, -257.87, 92.76, 1
78.56, -258.30, 91.80, 1
81.81, -258.67, 90.86, 1
85.07, -259.04, 90.00, 1
88.32, -259.61, 89.14, 1
91.57, -259.87, 88.16, 1
94.82, -260.02, 87.07, 1
98.07, -260.19, 85.87, 1
101.32, -260.33, 84.72, 1
104.58, -260.46, 83.56, 1
107.83, -260.61, 82.31, 1
111.08, -260.78, 80.99, 1
114.33, -260.92, 79.70, 1
117.58, -261.05, 78.49, 1
120.83, -261.10, 77.48, 1
122.19, -261.17, 77.28, 1
122.83, -261.34, 77.23, 1
123.32, -261.47, 77.16, 1
123.79, -261.60, 77.00, 1
124.10, -261.63, 76.94, 1
124.42, -261.70, 76.84, 1
124.74, -261.86, 76.77, 1
125.10, -262.06, 76.72, 1
125.43, -262.21, 76.67, 1
125.47, -262.37, 76.70, 1
125.39, -262.51, 76.74, 1
125.26, -262.55, 76.79, 1
124.81, -262.63, 76.92, 1
124.16, -262.73, 77.12, 1
123.81, -262.75, 77.24, 1
123.42, -262.75, 77.41, 1
122.87, -262.73, 77.65, 1
121.45, -262.91, 78.13, 1
119.79, -262.98, 78.61, 1
117.31, -262.79, 79.26, 1
114.12, -262.52, 80.09, 1
110.87, -262.29, 81.02, 1
107.61, -262.12, 82.15, 1
104.36, -261.91, 83.43, 1
101.11, -261.64, 84.80, 1
97.86, -261.32, 86.17, 1
94.61, -260.98, 87.65, 1
91.35, -260.73, 89.20, 1
88.10, -260.59, 90.81, 1
84.85, -260.52, 92.44, 1
81.60, -260.50, 94.06, 1
78.35, -260.29, 95.61, 1
75.10, -259.96, 97.08, 1
71.84, -259.57, 98.55, 1
68.59, -259.04, 99.94, 1
65.34, -258.45, 101.13, 1
62.09, -257.79, 102.08, 1
59.88, -256.96, 102.76, 1
58.46, -256.22, 103.11, 1
57.47, -255.71, 103.17, 1
56.66, -255.47, 103.11, 1
55.95, -255.46, 102.94, 1
55.34, -255.57, 102.83, 1
55.13, -255.62, 102.77, 1
55.11, -255.66, 102.74, 1
55.17, -255.71, 102.72, 1
55.34, -255.79, 102.71, 1
55.59, -255.88, 102.74, 1
55.88, -255.98, 102.84, 1
56.11, -256.10, 102.98, 1
56.33, -256.21, 103.11, 1
56.46, -256.28, 103.34, 1
56.63, -256.32, 103.60, 1
56.77, -256.34, 103.83, 1
56.89, -256.39, 103.99, 1
57.04, -256.46, 104.11, 1
57.24, -256.52, 104.16, 1
57.54, -256.65, 104.11, 1
57.78, -256.76, 104.04, 1
57.99, -256.93, 103.94, 1
58.08, -257.09, 103.84, 1
58.13, -257.18, 103.75, 1
58.14, -257.15, 103.71, 1
58.16, -256.99, 103.71, 1
58.09, -256.79, 103.73, 1
57.93, -256.59, 103.70, 1
57.83, -256.41, 103.62, 1
57.72, -256.27, 103.51, 1
57.52, -256.23, 103.42, 1
57.35, -256.30, 103.33, 1
57.23, -256.50, 103.22, 1
57.19, -256.78, 103.13, 0
57.23, -257.11, 103.05, 0
57.33, -257.25, 103.04, 0
57.47, -257.28, 103.10, 0
57.61, -257.22, 103.13, 0
57.73, -257.10, 103.14, 0
57.85, -256.99, 103.16, 0
57.91, -256.89, 103.24, 0
57.92, -256.78, 103.40, 0
57.79, -256.67, 103.60, 0
57.69, -256.62, 103.69, 0
57.62, -256.70, 103.67, 0
57.58, -256.79, 103.60, 0
57.57, -256.79, 103.53, 0
57.56, -256.70, 103.52, 0
57.56, -256.53, 103.57, 0
57.55, -256.38, 103.60, 0
57.59, -256.21, 103.61, 0
57.68, -256.05, 103.60, 0
57.83, -255.96, 103.56, 0
57.97, -255.96, 103.50, 0
58.14, -256.01, 103.45, 0
58.37, -256.12, 103.40, 0
58.61, -256.29, 103.36, 0
58.84, -256.50, 103.33, 0
58.94, -256.73, 103.35, 0
59.06, -256.89, 103.41, 0
59.18, -256.95, 103.48, 0
59.15, -257.01, 103.47, 0
59.03, -257.06, 103.47, 0
58.89, -257.09, 103.47, 0
58.87, -257.09, 103.46, 0
58.91, -257.07, 103.45, 0
58.99, -257.07, 103.46, 0
59.06, -257.10, 103.46, 0
59.06, -257.16, 103.45, 0
58.93, -257.26, 103.47, 0
58.72, -257.36, 103.49, 0
58.48, -257.46, 103.52, 0
58.23, -257.55, 103.52, 0
58.08, -257.64, 103.51, 0
57.90, -257.73, 103.50, 0
57.66, -257.83, 103.52, 0
57.32, -257.89, 103.58, 0
56.93, -257.91, 103.67, 0
56.64, -257.88, 103.72, 0
56.42, -257.82, 103.76, 0
56.10, -257.66, 103.84, 0
55.77, -257.38, 103.84, 0
55.50, -257.48, 103.76, 0
55.33, -257.65, 103.64, 0
55.26, -257.71, 103.57, 0
55.27, -257.67, 103.54, 0
55.36, -257.54, 103.55, 0
55.64, -257.45, 103.54, 0
55.78, -257.42, 103.58, 0
55.96, -256.30, 103.69, 0
57.27, -253.05, 104.46, 0
57.44, -252.05, 104.72, 0
58.11, -250.59, 104.77, 0
58.98, -249.30, 104.61, 0
59.87, -248.32, 104.31, 0
60.29, -248.41, 104.26, 0
60.60, -248.55, 104.27, 0
61.06, -248.73, 104.23, 0
61.36, -248.98, 104.29, 0
61.78, -249.24, 104.25, 0
62.60, -249.32, 104.01, 0
63.48, -249.34, 103.62, 0
64.11, -249.47, 103.12, 0
64.34, -249.74, 102.56, 0
64.20, -250.07, 102.08, 0
63.73, -250.39, 101.77, 0
63.15, -251.05, 101.41, 0
62.78, -251.79, 101.10, 0
62.42, -252.62, 100.66, 0
61.95, -253.55, 99.99, 0
61.49, -254.47, 99.11, 0
61.12, -255.34, 98.15, 0
60.89, -256.12, 97.13, 0
60.75, -256.85, 96.23, 0
60.63, -257.54, 95.57, 0
60.59, -258.10, 95.15, 0
60.57, -258.49, 94.87, 0
60.50, -258.78, 94.66, 0
60.43, -259.00, 94.54, 0
60.37, -259.23, 94.47, 0
60.30, -259.48, 94.46, 0
60.25, -259.76, 94.54, 0
60.23, -260.04, 94.71, 0
60.25, -260.25, 94.94, 0
60.26, -260.42, 95.18, 0
60.26, -260.55, 95.37, 0
60.24, -260.65, 95.50, 0
60.21, -260.72, 95.58, 0
60.15, -260.77, 95.66, 0
60.14, -260.80, 95.75, 0
60.18, -260.79, 95.88, 0
60.22, -260.75, 96.04, 0
60.25, -260.70, 96.20, 0
60.27, -260.68, 96.32, 0
60.27, -260.67, 96.42, 0
60.23, -260.70, 96.52, 0
60.17, -260.75, 96.63, 0
60.11, -260.81, 96.73, 0
60.04, -260.93, 96.78, 0
60.03, -260.99, 96.83, 0
60.04, -261.05, 96.89, 0
60.00, -261.14, 96.95, 0
59.95, -261.19, 97.00, 0
59.90, -261.22, 97.04, 0
59.88, -261.22, 97.06, 0
59.89, -261.22, 97.09, 0
59.94, -261.21, 97.12, 0
60.02, -261.16, 97.15, 0
60.11, -261.06, 97.19, 0
60.23, -260.93, 97.23, 0
60.36, -260.81, 97.27, 0
60.43, -260.70, 97.32, 0
60.47, -260.61, 97.35, 0
60.50, -260.53, 97.35, 0
60.59, -260.42, 97.36, 0
60.68, -260.33, 97.40, 0
60.73, -260.28, 97.49, 0
60.77, -260.25, 97.59, 0
60.81, -260.18, 97.70, 0
60.85, -260.10, 97.79, 0
60.87, -260.03, 97.86, 0
60.86, -259.99, 97.91, 0
60.81, -259.97, 97.97, 0
60.76, -259.98, 98.04, 0
60.71, -259.97, 98.10, 0
60.65, -259.96, 98.16, 0
60.57, -259.98, 98.22, 0
60.46, -259.99, 98.28, 0
60.36, -260.00, 98.33, 0
60.21, -260.03, 98.39, 0
60.04, -260.09, 98.46, 0
59.86, -260.16, 98.54, 0
59.71, -260.23, 98.62, 0
59.62, -260.30, 98.69, 0
59.54, -260.36, 98.75, 0
59.44, -260.42, 98.79, 0
59.34, -260.51, 98.83, 0
59.25, -260.60, 98.84, 0
59.16, -260.70, 98.90, 0
59.06, -260.83, 98.99, 0
58.98, -260.98, 99.10, 0
58.95, -261.11, 99.21, 0
58.94, -261.23, 99.29, 0
58.90, -261.37, 99.37, 0
58.79, -261.49, 99.47, 0
58.60, -261.62, 99.61, 0
58.36, -261.74, 99.76, 0
58.14, -261.81, 99.91, 0
58.01, -261.89, 100.10, 0
57.85, -262.34, 100.11, 0
57.76, -262.80, 100.13, 0
57.59, -263.51, 100.04, 0
57.28, -264.10, 100.11, 0
57.41, -264.60, 100.06, 0
58.68, -265.32, 100.03, 0
61.93, -267.23, 99.58, 0
65.18, -270.31, 98.70, 0
68.44, -273.57, 97.72, 0
71.69, -276.82, 96.19, 0
74.43, -279.68, 94.42, 0
75.35, -280.60, 92.83, 0
74.96, -279.37, 91.67, 0
73.47, -277.07, 91.47, 0
71.55, -274.66, 92.02, 0
69.88, -272.72, 92.47, 0
69.10, -271.94, 92.28, 0
69.46, -272.87, 91.52, 0
70.02, -274.52, 90.84, 0
70.00, -274.42, 90.50, 0
70.31, -274.77, 89.93, 0
70.35, -275.09, 89.28, 0
70.01, -274.86, 88.68, 0
68.78, -273.58, 88.76, 0
66.80, -271.65, 89.31, 0
65.13, -269.77, 89.89, 0
63.99, -268.28, 90.24, 0
62.97, -266.88, 90.39, 0
62.11, -265.51, 90.21, 0
61.33, -264.20, 90.05, 0
60.68, -262.81, 90.17, 0
60.12, -261.69, 90.55, 0
59.64, -261.04, 90.95, 0
59.23, -260.75, 91.24, 0
58.85, -260.72, 91.34, 0
58.50, -260.79, 91.29, 0
58.27, -260.92, 91.13, 0
58.14, -260.98, 90.96, 0
57.87, -261.14, 90.84, 0
57.49, -261.36, 90.81, 0
57.22, -261.42, 90.75, 0
57.08, -261.38, 90.79, 0
56.99, -261.36, 90.96, 0
56.89, -261.42, 91.22, 0
56.74, -261.57, 91.54, 0
56.53, -261.76, 91.88, 0
56.31, -261.92, 92.17, 0
56.17, -261.91, 92.36, 0
56.12, -261.86, 92.60, 0
56.11, -261.86, 92.91, 0
56.16, -261.88, 93.23, 0
56.23, -261.92, 93.53, 0
56.26, -262.00, 93.75, 0
56.22, -262.07, 93.92, 0
56.09, -262.11, 94.06, 0
55.92, -262.17, 94.18, 0
55.78, -262.22, 94.27, 0
55.71, -262.27, 94.37, 0
55.65, -262.31, 94.50, 0
55.60, -262.39, 94.66, 0
55.56, -262.50, 94.81, 0
55.49, -262.60, 94.94, 0
55.42, -262.68, 95.06, 0
55.32, -262.77, 95.16, 0
55.22, -262.85, 95.23, 0
55.15, -262.89, 95.26, 0
55.10, -262.89, 95.31, 0
55.06, -262.88, 95.38, 0
55.02, -262.93, 95.45, 0
55.03, -262.97, 95.50, 0
55.08, -263.03, 95.52, 0
55.08, -263.10, 95.55, 0
54.99, -263.16, 95.59, 0
54.89, -263.22, 95.62, 0
54.81, -263.25, 95.65, 0
54.76, -263.26, 95.68, 0
54.74, -263.28, 95.71, 0
54.75, -263.30, 95.73, 0
54.72, -263.34, 95.77, 0
54.69, -263.37, 95.84, 0
54.66, -263.40, 95.91, 0
54.64, -263.45, 95.98, 0
54.64, -263.51, 96.04, 0
54.67, -263.58, 96.09, 0
54.72, -263.68, 96.12, 0
54.80, -263.81, 96.13, 0
54.89, -263.96, 96.11, 0
55.02, -264.13, 96.07, 0
55.20, -264.32, 96.00, 0
55.45, -264.50, 95.91, 0
55.81, -264.69, 95.78, 0
56.30, -264.85, 95.60, 0
56.91, -264.96, 95.39, 0
57.60, -265.04, 95.14, 0
58.31, -265.07, 94.93, 0
58.87, -265.04, 94.82, 0
59.27, -264.97, 94.78, 0
59.50, -264.89, 94.80, 0
59.62, -264.77, 94.84, 0
59.76, -264.63, 94.85, 0
59.96, -264.49, 94.84, 0
60.20, -264.33, 94.85, 0
60.43, -264.10, 94.89, 0
60.59, -263.87, 94.95, 0
60.69, -263.63, 94.99, 0
60.78, -263.44, 95.00, 0
60.91, -263.28, 94.97, 0
61.08, -263.10, 94.95, 0
61.28, -262.89, 94.95, 0
61.48, -262.65, 94.96, 0
61.67, -262.43, 94.97, 0
61.79, -262.25, 95.01, 0
61.89, -262.08, 95.05, 0
62.04, -261.88, 95.07, 0
62.25, -261.60, 95.05, 0
62.44, -261.45, 95.08, 0
62.61, -261.39, 95.15, 0
62.82, -261.33, 95.20, 0
63.10, -261.27, 95.22, 0
63.46, -261.20, 95.19, 0
63.94, -261.11, 95.12, 0
64.51, -260.98, 95.00, 0
65.21, -260.85, 94.82, 0
66.03, -260.72, 94.59, 0
66.87, -260.46, 94.39, 0
67.62, -260.07, 94.23, 0
68.25, -259.61, 94.06, 0
68.81, -259.15, 93.88, 0
69.37, -258.76, 93.71, 0
70.05, -258.54, 93.64, 0
70.95, -258.31, 93.52, 0
72.35, -258.16, 93.29, 0
73.93, -257.93, 92.50, 0
75.30, -257.79, 91.35, 0
76.37, -257.38, 90.06, 0
77.18, -256.75, 88.67, 0
78.14, -256.46, 87.00, 0
79.10, -256.84, 85.20, 0
79.95, -257.45, 83.72, 0
80.84, -258.06, 82.66, 0
81.59, -258.42, 81.52, 0
82.27, -258.46, 80.16, 0
82.93, -258.05, 78.88, 0
83.42, -257.11, 77.62, 0
83.70, -256.13, 76.49, 0
83.84, -255.53, 75.39, 0
84.09, -255.28, 73.82, 0
84.58, -255.21, 71.54, 0
85.34, -255.27, 68.69, 0
86.50, -255.30, 65.59, 0
87.40, -255.01, 62.81, 0
87.81, -254.08, 60.69, 0
88.07, -252.46, 59.49, 0
88.28, -250.31, 58.87, 0
88.58, -247.83, 58.33, 0
88.98, -245.26, 57.73, 0
89.38, -242.77, 57.12, 0
89.60, -240.35, 56.54, 0
89.64, -238.15, 56.02, 0
89.91, -236.41, 55.48, 0
90.20, -235.13, 55.16, 0
90.47, -234.30, 54.95, 0
90.75, -233.80, 54.71, 0
90.97, -233.49, 54.39, 0
91.39, -233.33, 53.89, 0
92.32, -233.22, 53.06, 0
93.44, -232.84, 51.90, 0
94.31, -231.95, 50.65, 0
95.00, -230.71, 49.55, 0
95.46, -229.28, 48.61, 0
95.31, -227.67, 47.72, 0
94.56, -225.80, 47.06, 0
94.29, -224.79, 46.57, 0
94.46, -224.61, 46.06, 0
94.74, -224.59, 45.68, 0
94.93, -224.62, 45.58, 0
95.06, -225.13, 45.69, 0
95.24, -226.02, 45.81, 0
95.45, -226.81, 45.95, 0
95.40, -227.26, 46.30, 0
95.13, -227.51, 46.73, 0
94.69, -227.77, 47.16, 0
94.31, -228.06, 47.76, 0
93.81, -228.25, 48.44, 0
93.33, -228.23, 49.06, 0
92.84, -228.04, 49.60, 0
92.42, -228.01, 49.93, 0
92.16, -228.28, 50.06, 0
92.09, -228.77, 50.03, 0
92.21, -229.20, 49.69, 0
92.38, -229.43, 49.25, 0
92.37, -229.20, 48.70, 0
92.23, -228.47, 48.13, 0
92.01, -227.65, 47.58, 0
91.78, -227.09, 46.99, 0
91.68, -226.30, 46.36, 0
91.58, -225.24, 45.61, 0
91.37, -223.77, 44.66, 0
91.08, -222.22, 43.88, 0
91.03, -221.10, 43.45, 0
91.44, -220.65, 43.04, 0
92.15, -220.76, 42.27, 0
93.08, -221.20, 41.21, 0
94.19, -221.76, 40.20, 0
95.45, -222.32, 39.36, 0
96.75, -222.90, 38.63, 0
98.03, -223.63, 37.93, 0
99.12, -224.43, 37.21, 0
99.92, -225.04, 36.55, 0
100.58, -225.59, 36.08, 0
101.17, -226.23, 35.69, 0
101.81, -227.11, 35.38, 0
102.43, -227.85, 35.07, 0
102.91, -228.34, 34.69, 0
103.00, -228.73, 34.74, 0
103.18, -229.13, 35.09, 0
103.53, -229.78, 35.42, 0
104.02, -230.87, 35.38, 0
104.35, -231.80, 34.97, 0
104.40, -231.95, 34.17, 0
104.34, -231.33, 33.32, 0
103.99, -230.29, 33.04, 0
103.88, -228.88, 33.01, 0
104.08, -227.02, 32.58, 0
104.45, -224.72, 32.02, 0
103.39, -221.56, 31.80, 0
102.11, -218.31, 31.57, 0
100.68, -215.07, 31.59, 0
99.83, -212.34, 31.71, 0
99.21, -209.65, 32.11, 0
98.85, -207.11, 32.83, 0
99.39, -205.70, 33.15, 0
100.17, -205.37, 32.76, 0
101.32, -205.55, 31.85, 0
102.39, -205.70, 31.11, 0
102.75, -205.39, 30.63, 0
102.85, -204.91, 30.26, 0
103.14, -205.01, 29.89, 0
103.17, -205.73, 29.28, 0
102.87, -206.12, 28.71, 0
102.49, -206.17, 28.36, 0
102.20, -206.35, 27.74, 0
101.93, -206.30, 26.53, 0
101.54, -206.61, 25.34, 0
101.13, -207.22, 24.27, 0
100.62, -207.64, 23.04, 0
99.97, -208.11, 21.85, 0
99.52, -208.61, 20.95, 0
99.11, -208.79, 20.14, 0
98.87, -209.07, 19.47, 0
98.85, -209.61, 18.97, 0
99.04, -210.28, 18.54, 0
99.08, -210.87, 18.10, 0
99.34, -211.23, 17.60, 0
99.65, -211.81, 17.11, 0
100.12, -212.80, 16.57, 0
100.81, -214.17, 15.81, 0
101.58, -215.80, 14.78, 0
102.31, -217.67, 13.47, 0
102.74, -220.17, 12.16, 0
102.81, -223.28, 11.24, 0
103.14, -224.25, 10.23, 0
102.88, -221.00, 8.68, 0
102.61, -217.74, 8.17, 0
103.51, -214.49, 8.82, 0
106.76, -214.02, 9.25, 0
110.01, -215.19, 6.76, 0
113.26, -215.07, 3.51, 0
115.42, -212.27, 0.26, 0
113.15, -215.52, -0.39, 0
116.40, -212.90, -0.51, 0
119.65, -211.70, -0.26, 0
117.53, -211.40, 1.04, 0
115.35, -209.94, 0.89, 0
115.13, -210.05, 0.76, 0
116.32, -210.90, 0.32, 0
117.00, -211.50, -0.03, 0
116.84, -211.92, -0.14, 0
116.96, -211.87, -0.22, 0
117.43, -211.70, -0.27, 0
117.68, -211.67, -0.24, 0
117.47, -211.80, -0.22, 0
117.21, -211.89, -0.24, 0
117.28, -211.88, -0.26, 0
117.47, -211.87, -0.26, 0
117.43, -211.92, -0.27, 0
117.31, -211.98, -0.27, 0
117.30, -211.99, -0.28, 0
117.38, -212.00, -0.29, 0
117.38, -212.03, -0.29, 0
117.33, -212.07, -0.30, 0
117.31, -212.10, -0.30, 0
117.33, -212.12, -0.31, 0
117.33, -212.15, -0.32, 0
117.32, -212.17, -0.33, 0
117.28, -212.20, -0.34, 0
117.23, -212.23, -0.35, 0
117.25, -212.27, -0.36, 0
117.31, -212.30, -0.36, 0
117.33, -212.32, -0.38, 0
117.27, -212.35, -0.39, 0
117.21, -212.38, -0.40, 0
117.18, -212.40, -0.41, 0
117.18, -212.43, -0.42, 0
117.23, -212.47, -0.42, 0
117.25, -212.50, -0.43, 0
117.19, -212.51, -0.44, 0
117.12, -212.55, -0.46, 0
117.10, -212.58, -0.46, 0
117.10, -212.59, -0.48, 0
117.06, -212.61, -0.50, 0
116.98, -212.64, -0.55, 0
116.88, -212.68, -0.62, 0
116.83, -212.73, -0.69, 0
116.81, -212.77, -0.72, 0
116.85, -212.80, -0.73, 0
116.82, -212.80, -0.75, 0
116.69, -212.83, -0.78, 0
116.63, -212.88, -0.84, 0
116.62, -212.93, -0.90, 0
116.65, -212.97, -0.91, 0
116.71, -213.00, -0.91, 0
116.74, -213.03, -0.91, 0
116.73, -213.06, -0.91, 0
116.68, -213.08, -0.92, 0
116.64, -213.11, -0.92, 0
116.64, -213.14, -0.92, 0
116.67, -213.17, -0.93, 0
116.68, -213.19, -0.93, 0
116.64, -213.22, -0.94, 0
116.61, -213.24, -0.95, 0
116.61, -213.27, -0.95, 0
116.60, -213.29, -0.96, 0
116.58, -213.31, -0.96, 0
116.55, -213.34, -0.97, 0
116.52, -213.36, -0.98, 0
116.52, -213.38, -0.98, 0
116.50, -213.41, -0.99, 0
116.45, -213.44, -0.99, 0
116.42, -213.46, -1.00, 0
116.45, -213.48, -1.01, 0
116.46, -213.50, -1.03, 0
116.41, -213.54, -1.04, 0
116.38, -213.57, -1.04, 0
116.39, -213.59, -1.05, 0
116.38, -213.61, -1.06, 0
116.35, -213.63, -1.07, 0
116.34, -213.66, -1.08, 0
116.34, -213.68, -1.09, 0
116.33, -213.70, -1.10, 0
116.33, -213.73, -1.10, 0
116.31, -213.76, -1.11, 0
116.28, -213.81, -1.12, 0
116.26, -213.84, -1.14, 0
116.30, -213.86, -1.16, 0
116.30, -213.90, -1.17, 0
116.25, -213.93, -1.19, 0
116.23, -213.96, -1.20, 0
116.21, -213.98, -1.21, 0
116.20, -214.01, -1.21, 0
116.19, -214.03, -1.22, 0
116.18, -214.05, -1.22, 0
116.16, -214.08, -1.23, 0
116.13, -214.10, -1.23, 0
116.13, -214.13, -1.24, 0
116.12, -214.15, -1.25, 0
116.10, -214.17, -1.26, 0
116.08, -214.20, -1.26, 0
116.07, -214.22, -1.27, 0
116.06, -214.24, -1.27, 0
116.05, -214.27, -1.28, 0
116.03, -214.30, -1.29, 0
116.01, -214.32, -1.30, 0
116.00, -214.34, -1.30, 0
115.99, -214.37, -1.31, 0
115.97, -214.39, -1.31, 0
115.95, -214.41, -1.32, 0
115.95, -214.44, -1.32, 0
115.93, -214.46, -1.33, 0
115.92, -214.49, -1.33, 0
115.90, -214.51, -1.34, 0
115.89, -214.53, -1.35, 0
115.88, -214.56, -1.35, 0
115.86, -214.58, -1.36, 0
115.85, -214.61, -1.36, 0
115.83, -214.63, -1.37, 0
115.82, -214.66, -1.38, 0
115.81, -214.68, -1.38, 0
115.79, -214.71, -1.39, 0
115.78, -214.74, -1.40, 0
115.77, -214.76, -1.41, 0
115.76, -214.79, -1.41, 0
115.74, -214.81, -1.42, 0
115.73, -214.84, -1.42, 0
115.71, -214.86, -1.43, 0
115.71, -214.88, -1.44, 0
115.69, -214.91, -1.45, 0
115.68, -214.93, -1.45, 0
115.68, -214.96, -1.46, 0
115.62, -214.99, -1.46, 0
115.62, -215.01, -1.48, 0
115.65, -215.03, -1.49, 0
115.62, -215.06, -1.49, 0
115.56, -215.10, -1.50, 0
115.55, -215.13, -1.50, 0
115.58, -215.14, -1.51, 0
115.58, -215.16, -1.52, 0
115.52, -215.20, -1.52, 0
115.50, -215.22, -1.53, 0
115.53, -215.24, -1.54, 0
115.51, -215.26, -1.54, 0
115.47, -215.29, -1.55, 0
115.46, -215.32, -1.55, 0
115.46, -215.34, -1.55, 0
115.44, -215.36, -1.56, 0
115.42, -215.39, -1.56, 0
115.40, -215.41, -1.57, 0
115.40, -215.44, -1.57, 0
115.39, -215.46, -1.58, 0
115.37, -215.48, -1.58, 0
115.34, -215.51, -1.59, 0
115.33, -215.53, -1.59, 0
115.34, -215.55, -1.60, 0
115.31, -215.58, -1.60, 0
115.28, -215.61, -1.60, 0
115.27, -215.63, -1.61, 0
115.28, -215.65, -1.61, 0
115.26, -215.67, -1.62, 0
115.23, -215.70, -1.62, 0
115.22, -215.72, -1.63, 0
115.22, -215.74, -1.64, 0
115.20, -215.77, -1.64, 0
115.18, -215.79, -1.65, 0
115.17, -215.82, -1.65, 0
115.16, -215.84, -1.66, 0
115.15, -215.86, -1.66, 0
115.13, -215.88, -1.67, 0
115.11, -215.91, -1.67, 0
115.10, -215.93, -1.68, 0
115.09, -215.96, -1.68, 0
115.07, -215.98, -1.69, 0
115.05, -216.01, -1.69, 0
115.04, -216.03, -1.70, 0
115.03, -216.05, -1.71, 0
115.02, -216.08, -1.71, 0
115.00, -216.10, -1.72, 0
114.99, -216.13, -1.72, 0
114.98, -216.15, -1.73, 0
114.97, -216.17, -1.73, 0
114.95, -216.20, -1.74, 0
114.94, -216.22, -1.75, 0
114.93, -216.25, -1.76, 0
114.92, -216.27, -1.77, 0
114.90, -216.30, -1.77, 0
114.89, -216.32, -1.78, 0
114.88, -216.35, -1.78, 0
114.87, -216.37, -1.79, 0
114.85, -216.39, -1.79, 0
114.83, -216.42, -1.80, 0
114.83, -216.44, -1.81, 0
114.81, -216.46, -1.81, 0
114.80, -216.49, -1.82, 0
114.78, -216.52, -1.82, 0
114.76, -216.54, -1.83, 0
114.76, -216.56, -1.83, 0
114.75, -216.58, -1.84, 0
114.73, -216.61, -1.84, 0
114.70, -216.64, -1.85, 0
114.70, -216.66, -1.86, 0
114.69, -216.68, -1.86, 0
114.67, -216.70, -1.87, 0
114.66, -216.73, -1.88, 0
114.65, -216.75, -1.89, 0
114.64, -216.78, -1.91, 0
114.62, -216.81, -1.91, 0
114.61, -216.83, -1.92, 0
114.60, -216.85, -1.92, 0
114.58, -216.88, -1.93, 0
114.56, -216.90, -1.93, 0
114.55, -216.92, -1.93, 0
114.54, -216.94, -1.94, 0
114.53, -216.97, -1.94, 0
114.51, -216.99, -1.94, 0
114.49, -217.01, -1.95, 0
114.48, -217.04, -1.95, 0
114.47, -217.06, -1.96, 0
114.45, -217.08, -1.96, 0
114.43, -217.11, -1.96, 0
114.42, -217.13, -1.97, 0
114.41, -217.15, -1.98, 0
114.40, -217.18, -1.98, 0
114.37, -217.20, -1.98, 0
114.37, -217.22, -1.99, 0
114.36, -217.25, -2.00, 0
114.34, -217.27, -2.00, 0
114.32, -217.29, -2.00, 0
114.31, -217.32, -2.01, 0
114.30, -217.34, -2.02, 0
114.28, -217.36, -2.02, 0
114.27, -217.39, -2.03, 0
114.25, -217.41, -2.03, 0
114.24, -217.43, -2.04, 0
114.23, -217.45, -2.05, 0
114.21, -217.48, -2.05, 0
114.21, -217.50, -2.05, 0
114.19, -217.53, -2.06, 0
114.16, -217.55, -2.06, 0
114.15, -217.58, -2.07, 0
114.15, -217.60, -2.07, 0
114.13, -217.62, -2.08, 0
114.11, -217.65, -2.08, 0
114.10, -217.67, -2.09, 0
114.09, -217.69, -2.09, 0
114.07, -217.72, -2.09, 0
114.06, -217.74, -2.10, 0
114.05, -217.76, -2.10, 0
114.04, -217.79, -2.11, 0
114.02, -217.81, -2.11, 0
114.00, -217.84, -2.11, 0
113.98, -217.86, -2.12, 0
113.98, -217.88, -2.12, 0
113.97, -217.90, -2.13, 0
113.96, -217.93, -2.14, 0
113.93, -217.95, -2.14, 0
113.92, -217.98, -2.15, 0
113.92, -218.00, -2.15, 0
113.90, -218.02, -2.16, 0
113.89, -218.05, -2.16, 0
113.88, -218.07, -2.17, 0
113.87, -218.10, -2.18, 0
113.86, -218.12, -2.18, 0
113.84, -218.15, -2.19, 0
113.82, -218.18, -2.20, 0
113.81, -218.20, -2.20, 0
113.80, -218.22, -2.21, 0
113.79, -218.24, -2.21, 0
113.78, -218.27, -2.22, 0
113.76, -218.29, -2.23, 0
113.75, -218.31, -2.23, 0
113.74, -218.34, -2.24, 0
113.73, -218.36, -2.25, 0
113.71, -218.39, -2.25, 0
113.70, -218.41, -2.26, 0
113.69, -218.43, -2.26, 0
113.67, -218.46, -2.26, 0
113.65, -218.48, -2.27, 0
113.64, -218.51, -2.27, 0
113.63, -218.53, -2.28, 0
113.61, -218.55, -2.29, 0
113.60, -218.58, -2.29, 0
113.59, -218.60, -2.30, 0
113.57, -218.62, -2.30, 0
113.56, -218.65, -2.30, 0
113.54, -218.67, -2.31, 0
113.53, -218.69, -2.31, 0
113.51, -218.72, -2.32, 0
